# Written at 2023-02-07T15:53:18
    4.1656    0.000000
    4.1756    0.000000
    4.1856    0.000000
    4.1957    0.000000
    4.2057    0.000001
    4.2157    0.000003
    4.2257    0.000012
    4.2358    0.000054
    4.2458    0.000221
    4.2558    0.000830
    4.2658    0.002874
    4.2759    0.009185
    4.2859    0.027095
    4.2959    0.073802
    4.3059    0.185656
    4.3160    0.431496
    4.3260    0.927034
    4.3360    1.842420
    4.3460    3.390888
    4.3561    5.787803
    4.3661    9.180982
    4.3761   13.573096
    4.3861   18.774024
    4.3962   24.418530
    4.4062   30.055399
    4.4162   35.272043
    4.4262   39.794507
    4.4362   43.520298
    4.4463   46.492304
    4.4563   48.867159
    4.4663   50.930155
    4.4763   53.153905
    4.4864   56.225879
    4.4964   60.939513
    4.5064   67.897565
    4.5164   77.105006
    4.5265   87.658834
    4.5365   97.770338
    4.5465  105.223001
    4.5565  108.129589
    4.5666  105.656470
    4.5766   98.373696
    4.5866   88.078803
    4.5966   77.200255
    4.6067   68.049028
    4.6167   62.186927
    4.6267   60.074573
    4.6367   61.047766
    4.6468   63.593308
    4.6568   65.839063
    4.6668   66.119345
    4.6768   63.445461
    4.6869   57.738440
    4.6969   49.770960
    4.7069   40.874947
    4.7169   32.542860
    4.7270   26.056327
    4.7370   22.231129
    4.7470   21.310372
    4.7570   22.996685
    4.7670   26.594277
    4.7771   31.220895
    4.7871   36.038862
    4.7971   40.447054
    4.8071   44.182700
    4.8172   47.307368
    4.8272   50.087655
    4.8372   52.816215
    4.8472   55.643082
    4.8573   58.490309
    4.8673   61.091748
    4.8773   63.134242
    4.8873   64.408742
    4.8974   64.864550
    4.9074   64.526914
    4.9174   63.350459
    4.9274   61.150799
    4.9375   57.717819
    4.9475   53.085288
    4.9575   47.804852
    4.9675   43.037936
    4.9776   40.355125
    4.9876   41.266336
    4.9976   46.627762
    5.0076   56.143764
    5.0177   68.189027
    5.0277   80.101405
    5.0377   88.928269
    5.0477   92.389828
    5.0578   89.665553
    5.0678   81.639302
    5.0778   70.481003
    5.0878   58.773601
    5.0979   48.612541
    5.1079   41.079544
    5.1179   36.252957
    5.1279   33.623157
    5.1379   32.604375
    5.1480   32.851732
    5.1580   34.261635
    5.1680   36.738629
    5.1780   39.936690
    5.1881   43.172062
    5.1981   45.581626
    5.2081   46.445413
    5.2181   45.492663
    5.2282   43.018447
    5.2382   39.742903
    5.2482   36.487621
    5.2582   33.845406
    5.2683   32.024479
    5.2783   30.952146
    5.2883   30.577454
    5.2983   31.196932
    5.3084   33.604386
    5.3184   38.945357
    5.3284   48.296705
    5.3384   62.125616
    5.3485   79.853876
    5.3585   99.734245
    5.3685  119.138615
    5.3785  135.195694
    5.3886  145.562534
    5.3986  149.043323
    5.4086  145.826433
    5.4186  137.277204
    5.4287  125.416019
    5.4387  112.327708
    5.4487   99.732404
    5.4587   88.821298
    5.4687   80.307371
    5.4788   74.552771
    5.4888   71.652405
    5.4988   71.445278
    5.5088   73.512942
    5.5189   77.243609
    5.5289   81.985607
    5.5389   87.234253
    5.5489   92.750919
    5.5590   98.529817
    5.5690  104.597956
    5.5790  110.727296
    5.5890  116.213920
    5.5991  119.885968
    5.6091  120.405873
    5.6191  116.763462
    5.6291  108.719861
    5.6392   96.968368
    5.6492   82.939651
    5.6592   68.381359
    5.6692   54.939306
    5.6793   43.904890
    5.6893   36.147501
    5.6993   32.144357
    5.7093   32.013854
    5.7194   35.517681
    5.7294   42.050173
    5.7394   50.645580
    5.7494   60.023169
    5.7595   68.688545
    5.7695   75.117579
    5.7795   78.035534
    5.7895   76.747231
    5.7995   71.401673
    5.8096   63.049767
    5.8196   53.419461
    5.8296   44.463799
    5.8396   37.853425
    5.8497   34.610005
    5.8597   34.995902
    5.8697   38.640311
    5.8797   44.773998
    5.8898   52.424504
    5.8998   60.498866
    5.9098   67.800245
    5.9198   73.103446
    5.9299   75.386670
    5.9399   74.190094
    5.9499   69.932028
    5.9599   63.968226
    5.9700   58.276493
    5.9800   54.836690
    5.9900   54.945366
    6.0000   58.760262
    6.0101   65.284617
    6.0201   72.813902
    6.0301   79.659025
    6.0401   84.823565
    6.0502   88.321183
    6.0602   90.984940
    6.0702   93.869808
    6.0802   97.553351
    6.0903  101.686395
    6.1003  105.013481
    6.1103  105.848942
    6.1203  102.782801
    6.1304   95.301138
    6.1404   84.067250
    6.1504   70.776262
    6.1604   57.676233
    6.1704   46.958817
    6.1805   40.227605
    6.1905   38.178390
    6.2005   40.530883
    6.2105   46.182329
    6.2206   53.519477
    6.2306   60.810041
    6.2406   66.583895
    6.2506   69.912931
    6.2607   70.522300
    6.2707   68.718260
    6.2807   65.179661
    6.2907   60.700601
    6.3008   55.973692
    6.3108   51.475544
    6.3208   47.481302
    6.3308   44.205627
    6.3409   42.033874
    6.3509   41.756907
    6.3609   44.670127
    6.3709   52.389624
    6.3810   66.325487
    6.3910   86.934137
    6.4010  113.067239
    6.4110  141.807939
    6.4211  169.030755
    6.4311  190.568464
    6.4411  203.509616
    6.4511  207.031221
    6.4612  202.403422
    6.4712  192.248054
    6.4812  179.494748
    6.4912  166.535411
    6.5012  154.849983
    6.5113  145.073199
    6.5213  137.296423
    6.5313  131.396364
    6.5413  127.263995
    6.5514  124.875651
    6.5614  124.191230
    6.5714  124.924336
    6.5814  126.316084
    6.5915  127.095742
    6.6015  125.752048
    6.6115  121.071686
    6.6215  112.727795
    6.6316  101.641743
    6.6416   89.931444
    6.6516   80.429092
    6.6616   75.898745
    6.6717   78.164577
    6.6817   87.393967
    6.6917  101.785939
    6.7017  117.861024
    6.7118  131.377482
    6.7218  138.626922
    6.7318  137.624974
    6.7418  128.689750
    6.7519  114.162431
    6.7619   97.439348
    6.7719   81.797233
    6.7819   69.514781
    6.7920   61.547336
    6.8020   57.697286
    6.8120   57.044664
    6.8220   58.416309
    6.8320   60.780028
    6.8421   63.523128
    6.8521   66.573739
    6.8621   70.312103
    6.8721   75.273798
    6.8822   81.763587
    6.8922   89.586668
    6.9022   98.068717
    6.9122  106.369015
    6.9223  113.892766
    6.9323  120.521980
    6.9423  126.489171
    6.9523  131.963125
    6.9624  136.638834
    6.9724  139.657293
    6.9824  139.979979
    6.9924  137.033310
    7.0025  131.236695
    7.0125  124.078895
    7.0225  117.672386
    7.0325  114.006743
    7.0426  114.256472
    7.0526  118.428573
    7.0626  125.451437
    7.0726  133.634099
    7.0827  141.325766
    7.0927  147.571035
    7.1027  152.559173
    7.1127  157.703579
    7.1228  165.275328
    7.1328  177.654357
    7.1428  196.417696
    7.1528  221.586032
    7.1629  251.326675
    7.1729  282.244954
    7.1829  310.157963
    7.1929  331.063230
    7.2029  341.985287
    7.2130  341.493347
    7.2230  329.835459
    7.2330  308.739347
    7.2430  280.974040
    7.2531  249.787409
    7.2631  218.352849
    7.2731  189.349974
    7.2831  164.743409
    7.2932  145.730252
    7.3032  132.760364
    7.3132  125.544844
    7.3232  123.053535
    7.3333  123.601389
    7.3433  125.150506
    7.3533  125.856176
    7.3633  124.694216
    7.3734  121.850458
    7.3834  118.579168
    7.3934  116.488937
    7.4034  116.562806
    7.4135  118.430347
    7.4235  120.316668
    7.4335  119.732431
    7.4435  114.561387
    7.4536  103.999698
    7.4636   88.915793
    7.4736   71.536167
    7.4836   54.700342
    7.4937   41.073184
    7.5037   32.607721
    7.5137   30.325477
    7.5237   34.296519
    7.5337   43.672214
    7.5438   56.736497
    7.5538   71.076519
    7.5638   83.996438
    7.5738   93.163907
    7.5839   97.275121
    7.5939   96.416304
    7.6039   91.902176
    7.6139   85.646405
    7.6240   79.385507
    7.6340   74.147729
    7.6440   70.183249
    7.6540   67.279983
    7.6641   65.182339
    7.6741   63.830265
    7.6841   63.308071
    7.6941   63.597186
    7.7042   64.335520
    7.7142   64.759475
    7.7242   63.887144
    7.7342   60.867693
    7.7443   55.334894
    7.7543   47.597935
    7.7643   38.581516
    7.7743   29.550160
    7.7844   21.749639
    7.7944   16.115725
    7.8044   13.136471
    7.8144   12.863850
    7.8245   15.017751
    7.8345   19.132007
    7.8445   24.726651
    7.8545   31.503090
    7.8645   39.527645
    7.8746   49.319091
    7.8846   61.739000
    7.8946   77.636738
    7.9046   97.317751
    7.9147  120.032189
    7.9247  143.745860
    7.9347  165.395502
    7.9447  181.641639
    7.9548  189.891890
    7.9648  189.206852
    7.9748  180.721922
    7.9848  167.415531
    7.9949  153.310961
    8.0049  142.379252
    8.0149  137.460184
    8.0249  139.480782
    8.0350  147.189651
    8.0450  157.540388
    8.0550  166.693277
    8.0650  171.351051
    8.0751  169.916501
    8.0851  162.945886
    8.0951  152.668341
    8.1051  141.819171
    8.1152  132.396646
    8.1252  124.953619
    8.1352  118.685212
    8.1452  112.123188
    8.1553  103.984973
    8.1653   93.762830
    8.1753   81.871319
    8.1853   69.408491
    8.1954   57.710123
    8.2054   47.888675
    8.2154   40.508146
    8.2254   35.488387
    8.2354   32.256342
    8.2455   30.067882
    8.2555   28.346433
    8.2655   26.874734
    8.2755   25.754594
    8.2856   25.179539
    8.2956   25.170197
    8.3056   25.437778
    8.3156   25.459107
    8.3257   24.720592
    8.3357   22.996216
    8.3457   20.516947
    8.3557   17.958628
    8.3658   16.267511
    8.3758   16.399344
    8.3858   19.050828
    8.3958   24.437807
    8.4059   32.160143
    8.4159   41.196611
    8.4259   50.067110
    8.4359   57.155079
    8.4460   61.109469
    8.4560   61.190586
    8.4660   57.433792
    8.4760   50.580861
    8.4861   41.825178
    8.4961   32.479733
    8.5061   23.682015
    8.5161   16.211406
    8.5262   10.442007
    8.5362    6.409795
    8.5462    3.946721
    8.5562    2.826389
    8.5662    2.873103
    8.5763    4.003746
    8.5863    6.195812
    8.5963    9.401890
    8.6063   13.455727
    8.6164   18.026386
    8.6264   22.660928
    8.6364   26.909939
    8.6464   30.475488
    8.6565   33.296183
    8.6665   35.514453
    8.6765   37.342422
    8.6865   38.904934
    8.6966   40.147692
    8.7066   40.854807
    8.7166   40.763423
    8.7266   39.732365
    8.7367   37.919411
    8.7467   35.922020
    8.7567   34.821919
    8.7667   36.060492
    8.7768   41.095412
    8.7868   50.871332
    8.7968   65.259483
    8.8068   82.718355
    8.8169  100.417324
    8.8269  114.901505
    8.8369  123.109896
    8.8469  123.339742
    8.8570  115.737249
    8.8670  102.124975
    8.8770   85.311432
    8.8870   68.250839
    8.8970   53.404098
    8.9071   42.450033
    8.9171   36.277807
    8.9271   35.094132
    8.9371   38.518042
    8.9472   45.634166
    8.9572   55.049124
    8.9672   65.013442
    8.9772   73.647469
    8.9873   79.267320
    8.9973   80.756804
    9.0073   77.882615
    9.0173   71.425242
    9.0274   63.027349
    9.0374   54.754257
    9.0474   48.485326
    9.0574   45.348145
    9.0675   45.414796
    9.0775   47.786700
    9.0875   51.036078
    9.0975   53.816277
    9.1076   55.376098
    9.1176   55.760371
    9.1276   55.632975
    9.1376   55.837880
    9.1477   56.921037
    9.1577   58.823900
    9.1677   60.856895
    9.1777   61.937720
    9.1878   60.987669
    9.1978   57.334571
    9.2078   50.973271
    9.2178   42.587251
    9.2279   33.331920
    9.2379   24.483382
    9.2479   17.108242
    9.2579   11.877011
    9.2679    9.049787
    9.2780    8.572693
    9.2880   10.192426
    9.2980   13.531734
    9.3080   18.131536
    9.3181   23.502985
    9.3281   29.216932
    9.3381   35.004310
    9.3481   40.796811
    9.3582   46.647481
    9.3682   52.540729
    9.3782   58.187358
    9.3882   62.939714
    9.3983   65.917800
    9.4083   66.325869
    9.4183   63.821989
    9.4283   58.750892
    9.4384   52.101131
    9.4484   45.182222
    9.4584   39.165912
    9.4684   34.713375
    9.4785   31.868998
    9.4885   30.260973
    9.4985   29.486374
    9.5085   29.462504
    9.5186   30.546481
    9.5286   33.347629
    9.5386   38.318136
    9.5486   45.328422
    9.5587   53.457710
    9.5687   61.142632
    9.5787   66.660736
    9.5887   68.755421
    9.5987   67.121994
    9.6088   62.527687
    9.6188   56.513980
    9.6288   50.833481
    9.6388   46.888451
    9.6489   45.401330
    9.6589   46.394985
    9.6689   49.398340
    9.6789   53.719563
    9.6890   58.665018
    9.6990   63.667930
    9.7090   68.346304
    9.7190   72.506045
    9.7291   76.080598
    9.7391   79.008480
    9.7491   81.102748
    9.7591   82.008739
    9.7692   81.317137
    9.7792   78.797341
    9.7892   74.613413
    9.7992   69.369845
    9.8093   63.931983
    9.8193   59.111372
    9.8293   55.394877
    9.8393   52.867734
    9.8494   51.361087
    9.8594   50.727784
    9.8694   51.090007
    9.8794   52.928701
    9.8895   56.968423
    9.8995   63.904498
    9.9095   74.082025
    9.9195   87.247619
    9.9295  102.458294
    9.9396  118.172388
    9.9496  132.494451
    9.9596  143.513883
    9.9696  149.660934
    9.9797  149.997414
    9.9897  144.370941
    9.9997  133.402332
   10.0097  118.335384
   10.0198  100.820441
   10.0298   82.697231
   10.0398   65.798190
   10.0498   51.754634
   10.0599   41.790410
   10.0699   36.525389
   10.0799   35.847609
   10.0899   38.916132
   10.1000   44.322367
   10.1100   50.384322
   10.1200   55.501228
   10.1300   58.475213
   10.1401   58.719945
   10.1501   56.314618
   10.1601   51.904563
   10.1701   46.480299
   10.1802   41.085509
   10.1902   36.521886
   10.2002   33.135235
   10.2102   30.762422
   10.2203   28.871438
   10.2303   26.844912
   10.2403   24.284924
   10.2503   21.203484
   10.2603   18.021337
   10.2704   15.391182
   10.2804   13.933490
   10.2904   13.991675
   10.3004   15.487265
   10.3105   17.914175
   10.3205   20.472394
   10.3305   22.304467
   10.3405   22.761758
   10.3506   21.606859
   10.3606   19.076092
   10.3706   15.784589
   10.3806   12.525359
   10.3907   10.049867
   10.4007    8.901198
   10.4107    9.322439
   10.4207   11.224727
   10.4308   14.197769
   10.4408   17.569622
   10.4508   20.536527
   10.4608   22.361673
   10.4709   22.593934
   10.4809   21.223071
   10.4909   18.701367
   10.5009   15.820442
   10.5110   13.496856
   10.5210   12.548092
   10.5310   13.521293
   10.5410   16.597403
   10.5511   21.568350
   10.5611   27.885638
   10.5711   34.786043
   10.5811   41.487810
   10.5912   47.414123
   10.6012   52.363732
   10.6112   56.545596
   10.6212   60.441786
   10.6312   64.543347
   10.6413   69.073803
   10.6513   73.830846
   10.6613   78.223833
   10.6713   81.489856
   10.6814   82.987206
   10.6914   82.437274
   10.7014   80.023965
   10.7114   76.335486
   10.7215   72.202670
   10.7315   68.517420
   10.7415   66.095959
   10.7515   65.601110
   10.7616   67.487410
   10.7716   71.915225
   10.7816   78.612237
   10.7916   86.731359
   10.8017   94.820448
   10.8117  101.024946
   10.8217  103.556444
   10.8317  101.304578
   10.8418   94.336055
   10.8518   84.014478
   10.8618   72.623700
   10.8718   62.615451
   10.8819   55.792182
   10.8919   52.767989
   10.9019   52.910830
   10.9119   54.740654
   10.9220   56.562129
   10.9320   57.040625
   10.9420   55.508392
   10.9520   51.957706
   10.9620   46.835074
   10.9721   40.806947
   10.9821   34.608182
   10.9921   28.975028
   11.0021   24.593773
   11.0122   22.007644
   11.0222   21.490758
   11.0322   22.955495
   11.0422   25.962496
   11.0523   29.851009
   11.0623   33.939420
   11.0723   37.707525
   11.0823   40.886754
   11.0924   43.439216
   11.1024   45.461964
   11.1124   47.075011
   11.1224   48.336063
   11.1325   49.196310
   11.1425   49.496279
   11.1525   49.003496
   11.1625   47.499097
   11.1726   44.911808
   11.1826   41.472301
   11.1926   37.830785
   11.2026   35.063294
   11.2127   34.502933
   11.2227   37.380036
   11.2327   44.337379
   11.2427   54.981127
   11.2528   67.687202
   11.2628   79.845796
   11.2728   88.564469
   11.2828   91.614225
   11.2928   88.226410
   11.3029   79.365900
   11.3129   67.341735
   11.3229   54.942855
   11.3329   44.507209
   11.3430   37.323640
   11.3530   33.555470
   11.3630   32.603381
   11.3730   33.640452
   11.3831   36.028876
   11.3931   39.451139
   11.4031   43.779223
   11.4131   48.857431
   11.4232   54.401033
   11.4332   60.097567
   11.4432   65.817982
   11.4532   71.733181
   11.4633   78.180520
   11.4733   85.308904
   11.4833   92.715203
   11.4933   99.326606
   11.5034  103.647387
   11.5134  104.272499
   11.5234  100.425447
   11.5334   92.289328
   11.5435   81.033664
   11.5535   68.587048
   11.5635   57.275381
   11.5735   49.422751
   11.5836   46.949474
   11.5936   50.969633
   11.6036   61.425409
   11.6136   76.875321
   11.6237   94.604235
   11.6337  111.165336
   11.6437  123.281789
   11.6537  128.815720
   11.6637  127.404874
   11.6738  120.474920
   11.6838  110.619697
   11.6938  100.638538
   11.7038   92.655213
   11.7139   87.652489
   11.7239   85.514427
   11.7339   85.424199
   11.7439   86.345127
   11.7540   87.356653
   11.7640   87.768865
   11.7740   87.088769
   11.7840   84.967298
   11.7941   81.204313
   11.8041   75.795962
   11.8141   68.959980
   11.8241   61.101246
   11.8342   52.740916
   11.8442   44.461269
   11.8542   36.889520
   11.8642   30.691025
   11.8743   26.520145
   11.8843   24.907256
   11.8943   26.116399
   11.9043   30.043176
   11.9144   36.209689
   11.9244   43.862673
   11.9344   52.128974
   11.9444   60.165426
   11.9545   67.268985
   11.9645   72.961517
   11.9745   77.083144
   11.9845   79.887392
   11.9945   82.055411
   12.0046   84.513223
   12.0146   88.015124
   12.0246   92.631738
   12.0346   97.431434
   12.0447  100.623697
   12.0547  100.203291
   12.0647   94.824297
   12.0747   84.461016
   12.0848   70.512886
   12.0948   55.319582
   12.1048   41.357978
   12.1148   30.503858
   12.1249   23.627863
   12.1349   20.580940
   12.1449   20.461898
   12.1549   22.012627
   12.1650   24.016044
   12.1750   25.608730
   12.1850   26.438973
   12.1950   26.626824
   12.2051   26.544146
   12.2151   26.514640
   12.2251   26.582665
   12.2351   26.469282
   12.2452   25.731457
   12.2552   24.027205
   12.2652   21.337304
   12.2752   18.031811
   12.2853   14.763808
   12.2953   12.257536
   12.3053   11.086245
   12.3153   11.509164
   12.3253   13.395462
   12.3354   16.239732
   12.3454   19.269313
   12.3554   21.634266
   12.3654   22.640403
   12.3755   21.949771
   12.3855   19.666625
   12.3955   16.269556
   12.4055   12.422611
   12.4156    8.753870
   12.4256    5.694118
   12.4356    3.423938
   12.4456    1.919253
   12.4557    1.049324
   12.4657    0.680192
   12.4757    0.757875
   12.4857    1.366688
   12.4958    2.762805
   12.5058    5.370630
   12.5158    9.712645
   12.5258   16.243923
   12.5359   25.098160
   12.5459   35.819985
   12.5559   47.221787
   12.5659   57.504978
   12.5760   64.688966
   12.5860   67.226080
   12.5960   64.545635
   12.6060   57.268386
   12.6161   46.986361
   12.6261   35.723168
   12.6361   25.336212
   12.6461   17.109583
   12.6562   11.642438
   12.6662    8.970438
   12.6762    8.768969
   12.6862   10.507794
   12.6962   13.516581
   12.7063   17.008255
   12.7163   20.138005
   12.7263   22.138850
   12.7363   22.502168
   12.7464   21.117574
   12.7564   18.290818
   12.7664   14.619595
   12.7764   10.782838
   12.7865    7.338730
   12.7965    4.608898
   12.8065    2.670922
   12.8165    1.428278
   12.8266    0.704778
   12.8366    0.320907
   12.8466    0.134832
   12.8566    0.052275
   12.8667    0.018702
   12.8767    0.006174
   12.8867    0.001881
   12.8967    0.000529
   12.9068    0.000137
   12.9168    0.000033
   12.9268    0.000007
   12.9368    0.000001
   12.9469    0.000000
   12.9569    0.000000
   12.9669    0.000000
   12.9769    0.000000
   12.9870    0.000000
   12.9970    0.000000
   13.0070    0.000000
   13.0170    0.000000
   13.0270    0.000000
   13.0371    0.000000
   13.0471    0.000000
   13.0571    0.000000
   13.0671    0.000000
   13.0772    0.000000
   13.0872    0.000000
   13.0972    0.000000
   13.1072    0.000000
   13.1173    0.000000
   13.1273    0.000001
   13.1373    0.000005
   13.1473    0.000023
   13.1574    0.000098
   13.1674    0.000386
   13.1774    0.001400
   13.1874    0.004684
   13.1975    0.014464
   13.2075    0.041218
   13.2175    0.108391
   13.2275    0.263052
   13.2376    0.589211
   13.2476    1.218268
   13.2576    2.325749
   13.2676    4.101172
   13.2777    6.684573
   13.2877   10.082087
   13.2977   14.097589
   13.3077   18.329984
   13.3178   22.266855
   13.3278   25.452970
   13.3378   27.654461
   13.3478   28.921834
   13.3578   29.504675
   13.3679   29.665939
   13.3779   29.519229
   13.3879   29.007958
   13.3979   28.055741
   13.4080   26.801554
   13.4180   25.769604
   13.4280   25.851536
   13.4380   28.073705
   13.4481   33.225073
   13.4581   41.482676
   13.4681   52.177155
   13.4781   63.800807
   13.4882   74.289524
   13.4982   81.521052
   13.5082   83.886522
   13.5182   80.745008
   13.5283   72.594846
   13.5383   60.895634
   13.5483   47.612739
   13.5583   34.664817
   13.5684   23.477799
   13.5784   14.777891
   13.5884    8.636905
   13.5984    4.683029
   13.6085    2.353883
   13.6185    1.096062
   13.6285    0.472516
   13.6385    0.188497
   13.6486    0.069551
   13.6586    0.023727
   13.6686    0.007482
   13.6786    0.002180
   13.6887    0.000587
   13.6987    0.000146
   13.7087    0.000034
   13.7187    0.000007
   13.7287    0.000003
   13.7388    0.000009
   13.7488    0.000043
   13.7588    0.000192
   13.7688    0.000787
   13.7789    0.002970
   13.7889    0.010347
   13.7989    0.033257
   13.8089    0.098640
   13.8190    0.269968
   13.8290    0.681809
   13.8390    1.588923
   13.8490    3.416917
   13.8591    6.780424
   13.8691   12.415674
   13.8791   20.978515
   13.8891   32.709219
   13.8992   47.060508
   13.9092   62.478996
   13.9192   76.542470
   13.9292   86.529043
   13.9393   90.263533
   13.9493   86.886791
   13.9593   77.176696
   13.9693   63.257148
   13.9794   47.843619
   13.9894   33.391001
   13.9994   21.504327
   14.0094   12.779483
   14.0195    7.007961
   14.0295    3.546183
   14.0395    1.655852
   14.0495    0.713465
   14.0595    0.283671
   14.0696    0.104076
   14.0796    0.035235
   14.0896    0.011007
   14.0996    0.003173
   14.1097    0.000844
   14.1197    0.000207
   14.1297    0.000047
   14.1397    0.000010
   14.1498    0.000002
   14.1598    0.000000
   14.1698    0.000000
   14.1798    0.000000
   14.1899    0.000000
