  0.00000000E+00 -0.69603888E+02
  0.11163733E-01 -0.69603885E+02
  0.22327465E-01 -0.69603875E+02
  0.33491198E-01 -0.69603859E+02
  0.44654930E-01 -0.69603836E+02
  0.55818663E-01 -0.69603806E+02
  0.66982395E-01 -0.69603770E+02
  0.78146128E-01 -0.69603727E+02
  0.89309860E-01 -0.69603678E+02
  0.10047359E+00 -0.69603623E+02
  0.11163733E+00 -0.69603561E+02
  0.12280106E+00 -0.69603494E+02
  0.13396479E+00 -0.69603420E+02
  0.14512852E+00 -0.69603340E+02
  0.15629226E+00 -0.69603254E+02
  0.16745599E+00 -0.69603162E+02
  0.17861972E+00 -0.69603064E+02
  0.18978345E+00 -0.69602961E+02
  0.20094719E+00 -0.69602852E+02
  0.21211092E+00 -0.69602737E+02
  0.22327465E+00 -0.69602617E+02
  0.23443838E+00 -0.69602492E+02
  0.24560212E+00 -0.69602361E+02
  0.25676585E+00 -0.69602225E+02
  0.26792958E+00 -0.69602084E+02
  0.27909331E+00 -0.69601937E+02
  0.29025705E+00 -0.69601786E+02
  0.30142078E+00 -0.69601629E+02
  0.31258451E+00 -0.69601467E+02
  0.32374824E+00 -0.69601300E+02
  0.33491198E+00 -0.69601128E+02
  0.34607571E+00 -0.69600951E+02
  0.35723944E+00 -0.69600768E+02
  0.36840317E+00 -0.69600581E+02
  0.37956691E+00 -0.69600387E+02
  0.39073064E+00 -0.69600188E+02
  0.40189437E+00 -0.69599984E+02
  0.41305810E+00 -0.69599774E+02
  0.42422184E+00 -0.69599557E+02
  0.43538557E+00 -0.69599335E+02
  0.44654930E+00 -0.69599106E+02
  0.45771303E+00 -0.69598871E+02
  0.46887677E+00 -0.69598629E+02
  0.48004050E+00 -0.69598380E+02
  0.49120423E+00 -0.69598124E+02
  0.50236796E+00 -0.69597860E+02
  0.51353170E+00 -0.69597590E+02
  0.52469543E+00 -0.69597312E+02
  0.53585916E+00 -0.69597026E+02
  0.54702289E+00 -0.69596733E+02
  0.55818663E+00 -0.69596432E+02
  0.56935036E+00 -0.69596123E+02
  0.58051409E+00 -0.69595808E+02
  0.59167782E+00 -0.69595485E+02
  0.60284156E+00 -0.69595156E+02
  0.61400529E+00 -0.69594820E+02
  0.62516902E+00 -0.69594480E+02
  0.63633275E+00 -0.69594134E+02
  0.64749649E+00 -0.69593786E+02
  0.65866022E+00 -0.69593435E+02
  0.66982395E+00 -0.69593084E+02
  0.68098768E+00 -0.69592734E+02
  0.69215142E+00 -0.69592387E+02
  0.70331515E+00 -0.69592046E+02
  0.71447888E+00 -0.69591713E+02
  0.72564261E+00 -0.69591391E+02
  0.73680635E+00 -0.69591083E+02
  0.74797008E+00 -0.69590792E+02
  0.75913381E+00 -0.69590520E+02
  0.77029754E+00 -0.69590271E+02
  0.78146128E+00 -0.69590047E+02
  0.79262501E+00 -0.69589850E+02
  0.80378874E+00 -0.69589680E+02
  0.81495247E+00 -0.69589537E+02
  0.82611621E+00 -0.69589420E+02
  0.83727994E+00 -0.69589329E+02
  0.84844367E+00 -0.69589261E+02
  0.85960740E+00 -0.69589214E+02
  0.87077114E+00 -0.69589185E+02
  0.88193487E+00 -0.69589171E+02
  0.89309860E+00 -0.69589170E+02
  0.90426233E+00 -0.69589179E+02
  0.91542607E+00 -0.69589197E+02
  0.92658980E+00 -0.69589221E+02
  0.93775353E+00 -0.69589251E+02
  0.94891726E+00 -0.69589283E+02
  0.96008100E+00 -0.69589317E+02
  0.97124473E+00 -0.69589353E+02
  0.98240846E+00 -0.69589388E+02
  0.99357219E+00 -0.69589423E+02
  0.10047359E+01 -0.69589457E+02
  0.10158997E+01 -0.69589488E+02
  0.10270634E+01 -0.69589518E+02
  0.10382271E+01 -0.69589545E+02
  0.10493909E+01 -0.69589568E+02
  0.10605546E+01 -0.69589589E+02
  0.10717183E+01 -0.69589606E+02
  0.10828821E+01 -0.69589619E+02
  0.10940458E+01 -0.69589629E+02
  0.11052095E+01 -0.69589635E+02
  0.11163733E+01 -0.69589637E+02
  0.11275489E+01 -0.69589663E+02
  0.11387246E+01 -0.69589742E+02
  0.11499002E+01 -0.69589872E+02
  0.11610759E+01 -0.69590050E+02
  0.11722515E+01 -0.69590273E+02
  0.11834272E+01 -0.69590536E+02
  0.11946028E+01 -0.69590835E+02
  0.12057785E+01 -0.69591161E+02
  0.12169541E+01 -0.69591511E+02
  0.12281298E+01 -0.69591875E+02
  0.12393054E+01 -0.69592249E+02
  0.12504811E+01 -0.69592624E+02
  0.12616567E+01 -0.69592996E+02
  0.12728324E+01 -0.69593360E+02
  0.12840081E+01 -0.69593714E+02
  0.12951837E+01 -0.69594060E+02
  0.13063594E+01 -0.69594404E+02
  0.13175350E+01 -0.69594760E+02
  0.13287107E+01 -0.69595146E+02
  0.13398863E+01 -0.69595574E+02
  0.13510620E+01 -0.69596040E+02
  0.13622376E+01 -0.69596522E+02
  0.13734133E+01 -0.69596983E+02
  0.13845889E+01 -0.69597388E+02
  0.13957646E+01 -0.69597710E+02
  0.14069402E+01 -0.69597924E+02
  0.14181159E+01 -0.69598018E+02
  0.14292916E+01 -0.69597979E+02
  0.14404672E+01 -0.69597803E+02
  0.14516429E+01 -0.69597487E+02
  0.14628185E+01 -0.69597031E+02
  0.14739942E+01 -0.69596438E+02
  0.14851698E+01 -0.69595713E+02
  0.14963455E+01 -0.69594864E+02
  0.15075211E+01 -0.69593899E+02
  0.15186968E+01 -0.69592830E+02
  0.15298724E+01 -0.69591669E+02
  0.15410481E+01 -0.69590430E+02
  0.15522237E+01 -0.69589127E+02
  0.15633994E+01 -0.69587776E+02
  0.15745751E+01 -0.69586394E+02
  0.15857507E+01 -0.69584999E+02
  0.15969264E+01 -0.69583607E+02
  0.16081020E+01 -0.69582239E+02
  0.16192777E+01 -0.69580911E+02
  0.16304533E+01 -0.69579644E+02
  0.16416290E+01 -0.69578457E+02
  0.16528046E+01 -0.69577368E+02
  0.16639803E+01 -0.69576399E+02
  0.16751559E+01 -0.69575567E+02
  0.16863316E+01 -0.69574894E+02
  0.16975072E+01 -0.69574398E+02
  0.17086829E+01 -0.69574093E+02
  0.17198586E+01 -0.69573990E+02
  0.17310223E+01 -0.69574021E+02
  0.17421860E+01 -0.69574116E+02
  0.17533498E+01 -0.69574273E+02
  0.17645135E+01 -0.69574493E+02
  0.17756772E+01 -0.69574774E+02
  0.17868409E+01 -0.69575116E+02
  0.17980047E+01 -0.69575516E+02
  0.18091684E+01 -0.69575973E+02
  0.18203321E+01 -0.69576484E+02
  0.18314959E+01 -0.69577045E+02
  0.18426596E+01 -0.69577655E+02
  0.18538233E+01 -0.69578307E+02
  0.18649871E+01 -0.69578999E+02
  0.18761508E+01 -0.69579725E+02
  0.18873145E+01 -0.69580480E+02
  0.18984783E+01 -0.69581261E+02
  0.19096420E+01 -0.69582062E+02
  0.19208057E+01 -0.69582878E+02
  0.19319695E+01 -0.69583705E+02
  0.19431332E+01 -0.69584539E+02
  0.19542969E+01 -0.69585374E+02
  0.19654607E+01 -0.69586206E+02
  0.19766244E+01 -0.69587032E+02
  0.19877881E+01 -0.69587847E+02
  0.19989519E+01 -0.69588649E+02
  0.20101156E+01 -0.69589432E+02
  0.20212793E+01 -0.69590193E+02
  0.20324431E+01 -0.69590930E+02
  0.20436068E+01 -0.69591638E+02
  0.20547705E+01 -0.69592316E+02
  0.20659343E+01 -0.69592959E+02
  0.20770980E+01 -0.69593566E+02
  0.20882617E+01 -0.69594133E+02
  0.20994255E+01 -0.69594658E+02
  0.21105892E+01 -0.69595140E+02
  0.21217529E+01 -0.69595575E+02
  0.21329167E+01 -0.69595962E+02
  0.21440804E+01 -0.69596299E+02
  0.21552441E+01 -0.69596584E+02
  0.21664079E+01 -0.69596816E+02
  0.21775716E+01 -0.69596994E+02
  0.21887353E+01 -0.69597116E+02
  0.21998991E+01 -0.69597182E+02
  0.22110628E+01 -0.69597190E+02
  0.22222265E+01 -0.69597141E+02
  0.22333902E+01 -0.69597034E+02
  0.22445540E+01 -0.69596869E+02
  0.22557177E+01 -0.69596646E+02
  0.22668814E+01 -0.69596365E+02
  0.22780452E+01 -0.69596028E+02
  0.22892089E+01 -0.69595635E+02
  0.23003726E+01 -0.69595188E+02
  0.23115364E+01 -0.69594688E+02
  0.23227001E+01 -0.69594139E+02
  0.23338638E+01 -0.69593545E+02
  0.23450276E+01 -0.69592912E+02
  0.23561913E+01 -0.69592249E+02
  0.23673550E+01 -0.69591574E+02
  0.23785188E+01 -0.69590922E+02
  0.23896825E+01 -0.69590364E+02
  0.24008462E+01 -0.69589994E+02
  0.24120100E+01 -0.69589842E+02
  0.24231737E+01 -0.69589830E+02
  0.24343374E+01 -0.69589877E+02
  0.24455012E+01 -0.69589940E+02
  0.24566649E+01 -0.69590001E+02
  0.24678286E+01 -0.69590048E+02
  0.24789924E+01 -0.69590079E+02
  0.24901561E+01 -0.69590090E+02
  0.25013198E+01 -0.69590082E+02
  0.25124836E+01 -0.69590053E+02
  0.25236473E+01 -0.69590006E+02
  0.25348110E+01 -0.69589940E+02
  0.25459748E+01 -0.69589856E+02
  0.25571385E+01 -0.69589757E+02
  0.25683022E+01 -0.69589643E+02
  0.25794660E+01 -0.69589516E+02
  0.25906297E+01 -0.69589378E+02
  0.26017934E+01 -0.69589230E+02
  0.26129572E+01 -0.69589074E+02
  0.26241209E+01 -0.69588911E+02
  0.26352846E+01 -0.69588744E+02
  0.26464484E+01 -0.69588574E+02
  0.26576121E+01 -0.69588403E+02
  0.26687758E+01 -0.69588233E+02
  0.26799395E+01 -0.69588064E+02
  0.26911033E+01 -0.69587900E+02
  0.27022670E+01 -0.69587741E+02
  0.27134307E+01 -0.69587589E+02
  0.27245945E+01 -0.69587445E+02
  0.27357582E+01 -0.69587311E+02
  0.27469219E+01 -0.69587187E+02
  0.27580857E+01 -0.69587075E+02
  0.27692494E+01 -0.69586977E+02
  0.27804131E+01 -0.69586892E+02
  0.27915769E+01 -0.69586821E+02
  0.28027406E+01 -0.69586766E+02
  0.28139043E+01 -0.69586728E+02
  0.28250681E+01 -0.69586712E+02
  0.28362318E+01 -0.69586715E+02
  0.28474075E+01 -0.69586564E+02
  0.28585831E+01 -0.69586112E+02
  0.28697588E+01 -0.69585365E+02
  0.28809344E+01 -0.69584328E+02
  0.28921101E+01 -0.69583013E+02
  0.29032857E+01 -0.69582281E+02
  0.29144614E+01 -0.69581600E+02
  0.29256370E+01 -0.69580835E+02
  0.29368127E+01 -0.69579998E+02
  0.29479883E+01 -0.69579097E+02
  0.29591640E+01 -0.69578143E+02
  0.29703396E+01 -0.69577149E+02
  0.29815153E+01 -0.69576126E+02
  0.29926910E+01 -0.69575087E+02
  0.30038666E+01 -0.69574045E+02
  0.30150423E+01 -0.69573013E+02
  0.30262179E+01 -0.69572004E+02
  0.30373936E+01 -0.69571033E+02
  0.30485692E+01 -0.69570112E+02
  0.30597449E+01 -0.69569257E+02
  0.30709205E+01 -0.69569906E+02
  0.30820962E+01 -0.69572804E+02
  0.30932718E+01 -0.69575708E+02
  0.31044475E+01 -0.69578595E+02
  0.31156231E+01 -0.69581450E+02
  0.31267988E+01 -0.69584257E+02
  0.31379745E+01 -0.69587003E+02
  0.31491501E+01 -0.69589671E+02
  0.31603258E+01 -0.69592249E+02
  0.31715014E+01 -0.69594722E+02
  0.31826771E+01 -0.69597078E+02
  0.31938527E+01 -0.69599305E+02
  0.32050284E+01 -0.69601391E+02
  0.32162040E+01 -0.69603326E+02
  0.32273797E+01 -0.69605099E+02
  0.32385553E+01 -0.69606703E+02
  0.32497310E+01 -0.69608130E+02
  0.32609066E+01 -0.69609372E+02
  0.32720823E+01 -0.69610426E+02
  0.32832580E+01 -0.69611287E+02
  0.32944336E+01 -0.69611951E+02
  0.33056093E+01 -0.69612417E+02
  0.33167849E+01 -0.69612686E+02
  0.33279606E+01 -0.69612757E+02
  0.33391362E+01 -0.69612634E+02
  0.33503119E+01 -0.69612319E+02
  0.33614875E+01 -0.69611819E+02
  0.33726632E+01 -0.69611137E+02
  0.33838388E+01 -0.69610283E+02
  0.33950145E+01 -0.69609264E+02
  0.34061901E+01 -0.69608091E+02
  0.34173658E+01 -0.69606773E+02
  0.34285415E+01 -0.69605325E+02
  0.34397171E+01 -0.69603888E+02
  0.34509264E+01 -0.69603885E+02
  0.34621356E+01 -0.69603875E+02
  0.34733449E+01 -0.69603858E+02
  0.34845541E+01 -0.69603835E+02
  0.34957634E+01 -0.69603805E+02
  0.35069726E+01 -0.69603768E+02
  0.35181819E+01 -0.69603725E+02
  0.35293911E+01 -0.69603676E+02
  0.35406004E+01 -0.69603620E+02
  0.35518096E+01 -0.69603558E+02
  0.35630189E+01 -0.69603489E+02
  0.35742281E+01 -0.69603414E+02
  0.35854374E+01 -0.69603333E+02
  0.35966466E+01 -0.69603246E+02
  0.36078559E+01 -0.69603153E+02
  0.36190651E+01 -0.69603055E+02
  0.36302744E+01 -0.69602950E+02
  0.36414836E+01 -0.69602840E+02
  0.36526929E+01 -0.69602724E+02
  0.36639021E+01 -0.69602603E+02
  0.36751114E+01 -0.69602477E+02
  0.36863206E+01 -0.69602345E+02
  0.36975299E+01 -0.69602209E+02
  0.37087391E+01 -0.69602067E+02
  0.37199484E+01 -0.69601920E+02
  0.37311576E+01 -0.69601769E+02
  0.37423669E+01 -0.69601612E+02
  0.37535761E+01 -0.69601451E+02
  0.37647854E+01 -0.69601286E+02
  0.37759946E+01 -0.69601115E+02
  0.37872039E+01 -0.69600940E+02
  0.37984131E+01 -0.69600761E+02
  0.38096224E+01 -0.69600577E+02
  0.38208317E+01 -0.69600389E+02
  0.38320409E+01 -0.69600197E+02
  0.38432502E+01 -0.69600000E+02
  0.38544594E+01 -0.69599799E+02
  0.38656687E+01 -0.69599593E+02
  0.38768779E+01 -0.69599383E+02
  0.38880872E+01 -0.69599170E+02
  0.38992964E+01 -0.69598951E+02
  0.39105057E+01 -0.69598729E+02
  0.39217149E+01 -0.69598503E+02
  0.39329242E+01 -0.69598273E+02
  0.39441334E+01 -0.69598039E+02
  0.39553427E+01 -0.69597801E+02
  0.39665519E+01 -0.69597560E+02
  0.39777612E+01 -0.69597315E+02
  0.39889704E+01 -0.69597067E+02
  0.40001797E+01 -0.69596816E+02
  0.40113889E+01 -0.69596563E+02
  0.40225982E+01 -0.69596307E+02
  0.40338074E+01 -0.69596050E+02
  0.40450167E+01 -0.69595791E+02
  0.40562259E+01 -0.69595533E+02
  0.40674352E+01 -0.69595274E+02
  0.40786444E+01 -0.69595018E+02
  0.40898537E+01 -0.69594765E+02
  0.41010629E+01 -0.69594517E+02
  0.41122722E+01 -0.69594279E+02
  0.41234814E+01 -0.69594055E+02
  0.41346907E+01 -0.69593855E+02
  0.41458999E+01 -0.69593696E+02
  0.41571092E+01 -0.69593610E+02
  0.41683184E+01 -0.69593651E+02
  0.41795277E+01 -0.69593866E+02
  0.41907369E+01 -0.69594243E+02
  0.42019462E+01 -0.69594718E+02
  0.42131554E+01 -0.69595236E+02
  0.42243647E+01 -0.69595767E+02
  0.42355740E+01 -0.69596294E+02
  0.42467832E+01 -0.69596809E+02
  0.42579925E+01 -0.69597308E+02
  0.42692017E+01 -0.69597788E+02
  0.42804110E+01 -0.69598246E+02
  0.42916202E+01 -0.69598683E+02
  0.43028295E+01 -0.69599098E+02
  0.43140387E+01 -0.69599489E+02
  0.43252480E+01 -0.69599857E+02
  0.43364572E+01 -0.69600201E+02
  0.43476665E+01 -0.69600522E+02
  0.43588757E+01 -0.69600819E+02
  0.43700850E+01 -0.69601093E+02
  0.43812942E+01 -0.69601344E+02
  0.43925035E+01 -0.69601570E+02
  0.44037127E+01 -0.69601774E+02
  0.44149220E+01 -0.69601954E+02
  0.44261312E+01 -0.69602111E+02
  0.44373405E+01 -0.69602246E+02
  0.44485497E+01 -0.69602357E+02
  0.44597590E+01 -0.69602446E+02
  0.44709682E+01 -0.69602513E+02
  0.44821775E+01 -0.69602557E+02
  0.44933867E+01 -0.69602580E+02
  0.45045960E+01 -0.69602581E+02
  0.45158052E+01 -0.69602560E+02
  0.45270145E+01 -0.69602518E+02
  0.45382237E+01 -0.69602456E+02
  0.45494330E+01 -0.69602372E+02
  0.45606422E+01 -0.69602269E+02
  0.45718515E+01 -0.69602146E+02
  0.45830607E+01 -0.69602003E+02
  0.45942700E+01 -0.69601842E+02
  0.46054792E+01 -0.69601662E+02
  0.46166885E+01 -0.69601465E+02
  0.46278977E+01 -0.69601250E+02
  0.46391070E+01 -0.69601019E+02
  0.46503163E+01 -0.69600772E+02
  0.46615255E+01 -0.69600511E+02
  0.46727348E+01 -0.69600237E+02
  0.46839440E+01 -0.69599953E+02
  0.46951533E+01 -0.69599664E+02
  0.47063625E+01 -0.69599382E+02
  0.47175718E+01 -0.69599142E+02
  0.47287810E+01 -0.69599041E+02
  0.47399567E+01 -0.69599461E+02
  0.47511323E+01 -0.69599806E+02
  0.47623080E+01 -0.69600107E+02
  0.47734836E+01 -0.69600370E+02
  0.47846593E+01 -0.69600485E+02
  0.47958349E+01 -0.69600449E+02
  0.48070106E+01 -0.69600266E+02
  0.48181862E+01 -0.69599941E+02
  0.48293619E+01 -0.69599481E+02
  0.48405375E+01 -0.69598898E+02
  0.48517132E+01 -0.69598201E+02
  0.48628889E+01 -0.69597407E+02
  0.48740645E+01 -0.69596537E+02
  0.48852402E+01 -0.69595641E+02
  0.48964158E+01 -0.69594890E+02
  0.49075915E+01 -0.69594597E+02
  0.49187671E+01 -0.69594594E+02
  0.49299428E+01 -0.69594687E+02
  0.49411184E+01 -0.69594827E+02
  0.49522941E+01 -0.69594999E+02
  0.49634697E+01 -0.69595199E+02
  0.49746454E+01 -0.69595425E+02
  0.49858210E+01 -0.69595679E+02
  0.49969967E+01 -0.69595960E+02
  0.50081724E+01 -0.69596270E+02
  0.50193480E+01 -0.69596608E+02
  0.50305237E+01 -0.69596974E+02
  0.50416993E+01 -0.69597366E+02
  0.50528750E+01 -0.69597782E+02
  0.50640506E+01 -0.69598220E+02
  0.50752263E+01 -0.69598676E+02
  0.50864019E+01 -0.69599146E+02
  0.50975776E+01 -0.69599624E+02
  0.51087532E+01 -0.69600106E+02
  0.51199289E+01 -0.69600586E+02
  0.51311045E+01 -0.69601060E+02
  0.51422802E+01 -0.69601557E+02
  0.51534559E+01 -0.69602918E+02
  0.51646315E+01 -0.69604541E+02
  0.51758072E+01 -0.69606121E+02
  0.51869828E+01 -0.69607637E+02
  0.51981585E+01 -0.69609074E+02
  0.52093341E+01 -0.69610420E+02
  0.52205098E+01 -0.69611665E+02
  0.52316854E+01 -0.69612800E+02
  0.52428611E+01 -0.69613818E+02
  0.52540367E+01 -0.69614715E+02
  0.52652124E+01 -0.69615488E+02
  0.52763880E+01 -0.69616136E+02
  0.52875637E+01 -0.69616662E+02
  0.52987394E+01 -0.69617066E+02
  0.53099150E+01 -0.69617352E+02
  0.53210907E+01 -0.69617522E+02
  0.53322663E+01 -0.69617579E+02
  
  0.00000000E+00 -0.69603605E+02
  0.11163733E-01 -0.69603602E+02
  0.22327465E-01 -0.69603592E+02
  0.33491198E-01 -0.69603575E+02
  0.44654930E-01 -0.69603552E+02
  0.55818663E-01 -0.69603523E+02
  0.66982395E-01 -0.69603487E+02
  0.78146128E-01 -0.69603445E+02
  0.89309860E-01 -0.69603396E+02
  0.10047359E+00 -0.69603341E+02
  0.11163733E+00 -0.69603279E+02
  0.12280106E+00 -0.69603212E+02
  0.13396479E+00 -0.69603138E+02
  0.14512852E+00 -0.69603058E+02
  0.15629226E+00 -0.69602973E+02
  0.16745599E+00 -0.69602881E+02
  0.17861972E+00 -0.69602784E+02
  0.18978345E+00 -0.69602681E+02
  0.20094719E+00 -0.69602573E+02
  0.21211092E+00 -0.69602459E+02
  0.22327465E+00 -0.69602340E+02
  0.23443838E+00 -0.69602215E+02
  0.24560212E+00 -0.69602085E+02
  0.25676585E+00 -0.69601950E+02
  0.26792958E+00 -0.69601809E+02
  0.27909331E+00 -0.69601664E+02
  0.29025705E+00 -0.69601513E+02
  0.30142078E+00 -0.69601357E+02
  0.31258451E+00 -0.69601197E+02
  0.32374824E+00 -0.69601031E+02
  0.33491198E+00 -0.69600860E+02
  0.34607571E+00 -0.69600684E+02
  0.35723944E+00 -0.69600503E+02
  0.36840317E+00 -0.69600316E+02
  0.37956691E+00 -0.69600124E+02
  0.39073064E+00 -0.69599927E+02
  0.40189437E+00 -0.69599724E+02
  0.41305810E+00 -0.69599516E+02
  0.42422184E+00 -0.69599301E+02
  0.43538557E+00 -0.69599080E+02
  0.44654930E+00 -0.69598853E+02
  0.45771303E+00 -0.69598620E+02
  0.46887677E+00 -0.69598380E+02
  0.48004050E+00 -0.69598133E+02
  0.49120423E+00 -0.69597879E+02
  0.50236796E+00 -0.69597618E+02
  0.51353170E+00 -0.69597350E+02
  0.52469543E+00 -0.69597074E+02
  0.53585916E+00 -0.69596791E+02
  0.54702289E+00 -0.69596500E+02
  0.55818663E+00 -0.69596202E+02
  0.56935036E+00 -0.69595896E+02
  0.58051409E+00 -0.69595583E+02
  0.59167782E+00 -0.69595263E+02
  0.60284156E+00 -0.69594937E+02
  0.61400529E+00 -0.69594604E+02
  0.62516902E+00 -0.69594266E+02
  0.63633275E+00 -0.69593924E+02
  0.64749649E+00 -0.69593578E+02
  0.65866022E+00 -0.69593230E+02
  0.66982395E+00 -0.69592882E+02
  0.68098768E+00 -0.69592535E+02
  0.69215142E+00 -0.69592191E+02
  0.70331515E+00 -0.69591853E+02
  0.71447888E+00 -0.69591523E+02
  0.72564261E+00 -0.69591203E+02
  0.73680635E+00 -0.69590898E+02
  0.74797008E+00 -0.69590609E+02
  0.75913381E+00 -0.69590341E+02
  0.77029754E+00 -0.69590094E+02
  0.78146128E+00 -0.69589872E+02
  0.79262501E+00 -0.69589677E+02
  0.80378874E+00 -0.69589509E+02
  0.81495247E+00 -0.69589367E+02
  0.82611621E+00 -0.69589253E+02
  0.83727994E+00 -0.69589163E+02
  0.84844367E+00 -0.69589096E+02
  0.85960740E+00 -0.69589049E+02
  0.87077114E+00 -0.69589020E+02
  0.88193487E+00 -0.69589007E+02
  0.89309860E+00 -0.69589006E+02
  0.90426233E+00 -0.69589015E+02
  0.91542607E+00 -0.69589033E+02
  0.92658980E+00 -0.69589057E+02
  0.93775353E+00 -0.69589086E+02
  0.94891726E+00 -0.69589118E+02
  0.96008100E+00 -0.69589152E+02
  0.97124473E+00 -0.69589187E+02
  0.98240846E+00 -0.69589222E+02
  0.99357219E+00 -0.69589257E+02
  0.10047359E+01 -0.69589290E+02
  0.10158997E+01 -0.69589321E+02
  0.10270634E+01 -0.69589350E+02
  0.10382271E+01 -0.69589377E+02
  0.10493909E+01 -0.69589400E+02
  0.10605546E+01 -0.69589421E+02
  0.10717183E+01 -0.69589437E+02
  0.10828821E+01 -0.69589451E+02
  0.10940458E+01 -0.69589460E+02
  0.11052095E+01 -0.69589466E+02
  0.11163733E+01 -0.69589468E+02
  0.11275489E+01 -0.69589494E+02
  0.11387246E+01 -0.69589571E+02
  0.11499002E+01 -0.69589698E+02
  0.11610759E+01 -0.69589871E+02
  0.11722515E+01 -0.69590089E+02
  0.11834272E+01 -0.69590344E+02
  0.11946028E+01 -0.69590634E+02
  0.12057785E+01 -0.69590951E+02
  0.12169541E+01 -0.69591289E+02
  0.12281298E+01 -0.69591643E+02
  0.12393054E+01 -0.69592007E+02
  0.12504811E+01 -0.69592374E+02
  0.12616567E+01 -0.69592739E+02
  0.12728324E+01 -0.69593100E+02
  0.12840081E+01 -0.69593452E+02
  0.12951837E+01 -0.69593794E+02
  0.13063594E+01 -0.69594125E+02
  0.13175350E+01 -0.69594441E+02
  0.13287107E+01 -0.69594738E+02
  0.13398863E+01 -0.69595007E+02
  0.13510620E+01 -0.69595237E+02
  0.13622376E+01 -0.69595416E+02
  0.13734133E+01 -0.69595529E+02
  0.13845889E+01 -0.69595558E+02
  0.13957646E+01 -0.69595488E+02
  0.14069402E+01 -0.69595306E+02
  0.14181159E+01 -0.69595001E+02
  0.14292916E+01 -0.69594566E+02
  0.14404672E+01 -0.69593995E+02
  0.14516429E+01 -0.69593286E+02
  0.14628185E+01 -0.69592441E+02
  0.14739942E+01 -0.69591464E+02
  0.14851698E+01 -0.69590359E+02
  0.14963455E+01 -0.69589135E+02
  0.15075211E+01 -0.69587801E+02
  0.15186968E+01 -0.69586369E+02
  0.15298724E+01 -0.69584852E+02
  0.15410481E+01 -0.69583265E+02
  0.15522237E+01 -0.69581621E+02
  0.15633994E+01 -0.69579939E+02
  0.15745751E+01 -0.69578234E+02
  0.15857507E+01 -0.69576525E+02
  0.15969264E+01 -0.69574829E+02
  0.16081020E+01 -0.69573164E+02
  0.16192777E+01 -0.69571549E+02
  0.16304533E+01 -0.69570008E+02
  0.16416290E+01 -0.69568765E+02
  0.16528046E+01 -0.69568162E+02
  0.16639803E+01 -0.69567692E+02
  0.16751559E+01 -0.69567323E+02
  0.16863316E+01 -0.69567047E+02
  0.16975072E+01 -0.69566859E+02
  0.17086829E+01 -0.69566749E+02
  0.17198586E+01 -0.69566713E+02
  0.17310223E+01 -0.69566759E+02
  0.17421860E+01 -0.69566892E+02
  0.17533498E+01 -0.69567098E+02
  0.17645135E+01 -0.69567359E+02
  0.17756772E+01 -0.69567661E+02
  0.17868409E+01 -0.69567990E+02
  0.17980047E+01 -0.69568337E+02
  0.18091684E+01 -0.69568695E+02
  0.18203321E+01 -0.69569058E+02
  0.18314959E+01 -0.69569422E+02
  0.18426596E+01 -0.69569783E+02
  0.18538233E+01 -0.69570139E+02
  0.18649871E+01 -0.69570487E+02
  0.18761508E+01 -0.69570825E+02
  0.18873145E+01 -0.69571152E+02
  0.18984783E+01 -0.69571467E+02
  0.19096420E+01 -0.69571767E+02
  0.19208057E+01 -0.69572053E+02
  0.19319695E+01 -0.69572323E+02
  0.19431332E+01 -0.69572577E+02
  0.19542969E+01 -0.69572814E+02
  0.19654607E+01 -0.69573035E+02
  0.19766244E+01 -0.69573238E+02
  0.19877881E+01 -0.69573424E+02
  0.19989519E+01 -0.69573594E+02
  0.20101156E+01 -0.69573747E+02
  0.20212793E+01 -0.69573885E+02
  0.20324431E+01 -0.69574053E+02
  0.20436068E+01 -0.69574845E+02
  0.20547705E+01 -0.69575670E+02
  0.20659343E+01 -0.69576484E+02
  0.20770980E+01 -0.69577281E+02
  0.20882617E+01 -0.69578057E+02
  0.20994255E+01 -0.69578809E+02
  0.21105892E+01 -0.69579534E+02
  0.21217529E+01 -0.69580228E+02
  0.21329167E+01 -0.69580890E+02
  0.21440804E+01 -0.69581516E+02
  0.21552441E+01 -0.69582105E+02
  0.21664079E+01 -0.69582655E+02
  0.21775716E+01 -0.69583163E+02
  0.21887353E+01 -0.69583630E+02
  0.21998991E+01 -0.69584053E+02
  0.22110628E+01 -0.69584433E+02
  0.22222265E+01 -0.69584768E+02
  0.22333902E+01 -0.69585060E+02
  0.22445540E+01 -0.69585310E+02
  0.22557177E+01 -0.69585519E+02
  0.22668814E+01 -0.69585693E+02
  0.22780452E+01 -0.69585839E+02
  0.22892089E+01 -0.69585972E+02
  0.23003726E+01 -0.69586120E+02
  0.23115364E+01 -0.69586318E+02
  0.23227001E+01 -0.69586580E+02
  0.23338638E+01 -0.69586879E+02
  0.23450276E+01 -0.69587181E+02
  0.23561913E+01 -0.69587458E+02
  0.23673550E+01 -0.69587684E+02
  0.23785188E+01 -0.69587820E+02
  0.23896825E+01 -0.69587799E+02
  0.24008462E+01 -0.69587527E+02
  0.24120100E+01 -0.69586979E+02
  0.24231737E+01 -0.69586244E+02
  0.24343374E+01 -0.69585416E+02
  0.24455012E+01 -0.69584566E+02
  0.24566649E+01 -0.69583763E+02
  0.24678286E+01 -0.69583079E+02
  0.24789924E+01 -0.69582545E+02
  0.24901561E+01 -0.69582134E+02
  0.25013198E+01 -0.69581809E+02
  0.25124836E+01 -0.69581551E+02
  0.25236473E+01 -0.69581351E+02
  0.25348110E+01 -0.69581206E+02
  0.25459748E+01 -0.69581118E+02
  0.25571385E+01 -0.69581085E+02
  0.25683022E+01 -0.69581109E+02
  0.25794660E+01 -0.69581188E+02
  0.25906297E+01 -0.69581319E+02
  0.26017934E+01 -0.69581498E+02
  0.26129572E+01 -0.69581722E+02
  0.26241209E+01 -0.69581983E+02
  0.26352846E+01 -0.69582276E+02
  0.26464484E+01 -0.69582594E+02
  0.26576121E+01 -0.69582930E+02
  0.26687758E+01 -0.69583278E+02
  0.26799395E+01 -0.69583631E+02
  0.26911033E+01 -0.69583984E+02
  0.27022670E+01 -0.69584332E+02
  0.27134307E+01 -0.69584668E+02
  0.27245945E+01 -0.69584989E+02
  0.27357582E+01 -0.69585292E+02
  0.27469219E+01 -0.69585571E+02
  0.27580857E+01 -0.69585824E+02
  0.27692494E+01 -0.69586049E+02
  0.27804131E+01 -0.69586243E+02
  0.27915769E+01 -0.69586404E+02
  0.28027406E+01 -0.69586530E+02
  0.28139043E+01 -0.69586619E+02
  0.28250681E+01 -0.69586666E+02
  0.28362318E+01 -0.69586674E+02
  0.28474075E+01 -0.69586523E+02
  0.28585831E+01 -0.69586071E+02
  0.28697588E+01 -0.69585323E+02
  0.28809344E+01 -0.69584286E+02
  0.28921101E+01 -0.69582969E+02
  0.29032857E+01 -0.69581432E+02
  0.29144614E+01 -0.69579601E+02
  0.29256370E+01 -0.69577538E+02
  0.29368127E+01 -0.69575262E+02
  0.29479883E+01 -0.69572795E+02
  0.29591640E+01 -0.69570162E+02
  0.29703396E+01 -0.69567386E+02
  0.29815153E+01 -0.69564495E+02
  0.29926910E+01 -0.69561515E+02
  0.30038666E+01 -0.69558473E+02
  0.30150423E+01 -0.69555852E+02
  0.30262179E+01 -0.69558542E+02
  0.30373936E+01 -0.69561306E+02
  0.30485692E+01 -0.69564128E+02
  0.30597449E+01 -0.69566989E+02
  0.30709205E+01 -0.69568448E+02
  0.30820962E+01 -0.69567759E+02
  0.30932718E+01 -0.69567158E+02
  0.31044475E+01 -0.69566664E+02
  0.31156231E+01 -0.69566285E+02
  0.31267988E+01 -0.69566031E+02
  0.31379745E+01 -0.69565908E+02
  0.31491501E+01 -0.69565923E+02
  0.31603258E+01 -0.69566079E+02
  0.31715014E+01 -0.69566381E+02
  0.31826771E+01 -0.69566831E+02
  0.31938527E+01 -0.69567428E+02
  0.32050284E+01 -0.69568172E+02
  0.32162040E+01 -0.69569061E+02
  0.32273797E+01 -0.69570092E+02
  0.32385553E+01 -0.69571259E+02
  0.32497310E+01 -0.69572557E+02
  0.32609066E+01 -0.69573978E+02
  0.32720823E+01 -0.69575513E+02
  0.32832580E+01 -0.69577152E+02
  0.32944336E+01 -0.69578885E+02
  0.33056093E+01 -0.69580700E+02
  0.33167849E+01 -0.69582585E+02
  0.33279606E+01 -0.69584525E+02
  0.33391362E+01 -0.69586507E+02
  0.33503119E+01 -0.69588517E+02
  0.33614875E+01 -0.69590538E+02
  0.33726632E+01 -0.69592557E+02
  0.33838388E+01 -0.69594557E+02
  0.33950145E+01 -0.69596523E+02
  0.34061901E+01 -0.69598439E+02
  0.34173658E+01 -0.69600291E+02
  0.34285415E+01 -0.69602061E+02
  0.34397171E+01 -0.69603605E+02
  0.34509264E+01 -0.69603602E+02
  0.34621356E+01 -0.69603592E+02
  0.34733449E+01 -0.69603575E+02
  0.34845541E+01 -0.69603552E+02
  0.34957634E+01 -0.69603522E+02
  0.35069726E+01 -0.69603486E+02
  0.35181819E+01 -0.69603443E+02
  0.35293911E+01 -0.69603393E+02
  0.35406004E+01 -0.69603338E+02
  0.35518096E+01 -0.69603275E+02
  0.35630189E+01 -0.69603207E+02
  0.35742281E+01 -0.69603133E+02
  0.35854374E+01 -0.69603052E+02
  0.35966466E+01 -0.69602966E+02
  0.36078559E+01 -0.69602873E+02
  0.36190651E+01 -0.69602775E+02
  0.36302744E+01 -0.69602671E+02
  0.36414836E+01 -0.69602561E+02
  0.36526929E+01 -0.69602446E+02
  0.36639021E+01 -0.69602326E+02
  0.36751114E+01 -0.69602200E+02
  0.36863206E+01 -0.69602069E+02
  0.36975299E+01 -0.69601934E+02
  0.37087391E+01 -0.69601793E+02
  0.37199484E+01 -0.69601647E+02
  0.37311576E+01 -0.69601496E+02
  0.37423669E+01 -0.69601341E+02
  0.37535761E+01 -0.69601181E+02
  0.37647854E+01 -0.69601016E+02
  0.37759946E+01 -0.69600847E+02
  0.37872039E+01 -0.69600673E+02
  0.37984131E+01 -0.69600495E+02
  0.38096224E+01 -0.69600313E+02
  0.38208317E+01 -0.69600126E+02
  0.38320409E+01 -0.69599935E+02
  0.38432502E+01 -0.69599740E+02
  0.38544594E+01 -0.69599540E+02
  0.38656687E+01 -0.69599336E+02
  0.38768779E+01 -0.69599128E+02
  0.38880872E+01 -0.69598916E+02
  0.38992964E+01 -0.69598700E+02
  0.39105057E+01 -0.69598480E+02
  0.39217149E+01 -0.69598255E+02
  0.39329242E+01 -0.69598027E+02
  0.39441334E+01 -0.69597796E+02
  0.39553427E+01 -0.69597560E+02
  0.39665519E+01 -0.69597321E+02
  0.39777612E+01 -0.69597079E+02
  0.39889704E+01 -0.69596833E+02
  0.40001797E+01 -0.69596585E+02
  0.40113889E+01 -0.69596335E+02
  0.40225982E+01 -0.69596082E+02
  0.40338074E+01 -0.69595829E+02
  0.40450167E+01 -0.69595574E+02
  0.40562259E+01 -0.69595319E+02
  0.40674352E+01 -0.69595065E+02
  0.40786444E+01 -0.69594814E+02
  0.40898537E+01 -0.69594567E+02
  0.41010629E+01 -0.69594326E+02
  0.41122722E+01 -0.69594097E+02
  0.41234814E+01 -0.69593885E+02
  0.41346907E+01 -0.69593700E+02
  0.41458999E+01 -0.69593564E+02
  0.41571092E+01 -0.69593510E+02
  0.41683184E+01 -0.69593588E+02
  0.41795277E+01 -0.69593833E+02
  0.41907369E+01 -0.69594222E+02
  0.42019462E+01 -0.69594698E+02
  0.42131554E+01 -0.69595213E+02
  0.42243647E+01 -0.69595740E+02
  0.42355740E+01 -0.69596264E+02
  0.42467832E+01 -0.69596776E+02
  0.42579925E+01 -0.69597272E+02
  0.42692017E+01 -0.69597749E+02
  0.42804110E+01 -0.69598206E+02
  0.42916202E+01 -0.69598641E+02
  0.43028295E+01 -0.69599053E+02
  0.43140387E+01 -0.69599443E+02
  0.43252480E+01 -0.69599810E+02
  0.43364572E+01 -0.69600153E+02
  0.43476665E+01 -0.69600473E+02
  0.43588757E+01 -0.69600770E+02
  0.43700850E+01 -0.69601043E+02
  0.43812942E+01 -0.69601293E+02
  0.43925035E+01 -0.69601519E+02
  0.44037127E+01 -0.69601722E+02
  0.44149220E+01 -0.69601903E+02
  0.44261312E+01 -0.69602060E+02
  0.44373405E+01 -0.69602194E+02
  0.44485497E+01 -0.69602306E+02
  0.44597590E+01 -0.69602395E+02
  0.44709682E+01 -0.69602462E+02
  0.44821775E+01 -0.69602506E+02
  0.44933867E+01 -0.69602529E+02
  0.45045960E+01 -0.69602531E+02
  0.45158052E+01 -0.69602510E+02
  0.45270145E+01 -0.69602469E+02
  0.45382237E+01 -0.69602407E+02
  0.45494330E+01 -0.69602325E+02
  0.45606422E+01 -0.69602223E+02
  0.45718515E+01 -0.69602100E+02
  0.45830607E+01 -0.69601959E+02
  0.45942700E+01 -0.69601799E+02
  0.46054792E+01 -0.69601620E+02
  0.46166885E+01 -0.69601424E+02
  0.46278977E+01 -0.69601210E+02
  0.46391070E+01 -0.69600980E+02
  0.46503163E+01 -0.69600735E+02
  0.46615255E+01 -0.69600475E+02
  0.46727348E+01 -0.69600202E+02
  0.46839440E+01 -0.69599920E+02
  0.46951533E+01 -0.69599632E+02
  0.47063625E+01 -0.69599350E+02
  0.47175718E+01 -0.69599109E+02
  0.47287810E+01 -0.69599008E+02
  0.47399567E+01 -0.69599169E+02
  0.47511323E+01 -0.69599678E+02
  0.47623080E+01 -0.69599951E+02
  0.47734836E+01 -0.69599929E+02
  0.47846593E+01 -0.69599722E+02
  0.47958349E+01 -0.69599340E+02
  0.48070106E+01 -0.69598800E+02
  0.48181862E+01 -0.69598121E+02
  0.48293619E+01 -0.69597332E+02
  0.48405375E+01 -0.69596479E+02
  0.48517132E+01 -0.69595636E+02
  0.48628889E+01 -0.69594916E+02
  0.48740645E+01 -0.69594422E+02
  0.48852402E+01 -0.69594125E+02
  0.48964158E+01 -0.69593783E+02
  0.49075915E+01 -0.69593028E+02
  0.49187671E+01 -0.69592003E+02
  0.49299428E+01 -0.69590903E+02
  0.49411184E+01 -0.69589793E+02
  0.49522941E+01 -0.69588715E+02
  0.49634697E+01 -0.69587707E+02
  0.49746454E+01 -0.69586824E+02
  0.49858210E+01 -0.69586138E+02
  0.49969967E+01 -0.69585738E+02
  0.50081724E+01 -0.69585697E+02
  0.50193480E+01 -0.69586032E+02
  0.50305237E+01 -0.69586696E+02
  0.50416993E+01 -0.69587622E+02
  0.50528750E+01 -0.69588750E+02
  0.50640506E+01 -0.69590036E+02
  0.50752263E+01 -0.69591447E+02
  0.50864019E+01 -0.69592956E+02
  0.50975776E+01 -0.69594539E+02
  0.51087532E+01 -0.69596176E+02
  0.51199289E+01 -0.69597847E+02
  0.51311045E+01 -0.69599530E+02
  0.51422802E+01 -0.69601173E+02
  0.51534559E+01 -0.69601910E+02
  0.51646315E+01 -0.69602320E+02
  0.51758072E+01 -0.69602687E+02
  0.51869828E+01 -0.69603011E+02
  0.51981585E+01 -0.69603286E+02
  0.52093341E+01 -0.69603511E+02
  0.52205098E+01 -0.69603681E+02
  0.52316854E+01 -0.69603795E+02
  0.52428611E+01 -0.69603856E+02
  0.52540367E+01 -0.69603866E+02
  0.52652124E+01 -0.69603832E+02
  0.52763880E+01 -0.69603762E+02
  0.52875637E+01 -0.69603671E+02
  0.52987394E+01 -0.69603574E+02
  0.53099150E+01 -0.69603488E+02
  0.53210907E+01 -0.69603428E+02
  0.53322663E+01 -0.69603407E+02
  
  0.00000000E+00 -0.69534678E+02
  0.11163733E-01 -0.69534695E+02
  0.22327465E-01 -0.69534759E+02
  0.33491198E-01 -0.69534886E+02
  0.44654930E-01 -0.69535074E+02
  0.55818663E-01 -0.69535316E+02
  0.66982395E-01 -0.69535612E+02
  0.78146128E-01 -0.69535960E+02
  0.89309860E-01 -0.69536359E+02
  0.10047359E+00 -0.69536808E+02
  0.11163733E+00 -0.69537305E+02
  0.12280106E+00 -0.69537849E+02
  0.13396479E+00 -0.69538438E+02
  0.14512852E+00 -0.69539070E+02
  0.15629226E+00 -0.69539745E+02
  0.16745599E+00 -0.69540459E+02
  0.17861972E+00 -0.69541211E+02
  0.18978345E+00 -0.69541999E+02
  0.20094719E+00 -0.69542819E+02
  0.21211092E+00 -0.69543671E+02
  0.22327465E+00 -0.69544552E+02
  0.23443838E+00 -0.69545459E+02
  0.24560212E+00 -0.69546390E+02
  0.25676585E+00 -0.69547342E+02
  0.26792958E+00 -0.69548313E+02
  0.27909331E+00 -0.69549300E+02
  0.29025705E+00 -0.69550301E+02
  0.30142078E+00 -0.69551313E+02
  0.31258451E+00 -0.69552333E+02
  0.32374824E+00 -0.69553360E+02
  0.33491198E+00 -0.69554390E+02
  0.34607571E+00 -0.69555421E+02
  0.35723944E+00 -0.69556451E+02
  0.36840317E+00 -0.69557477E+02
  0.37956691E+00 -0.69558498E+02
  0.39073064E+00 -0.69559510E+02
  0.40189437E+00 -0.69560513E+02
  0.41305810E+00 -0.69561503E+02
  0.42422184E+00 -0.69562480E+02
  0.43538557E+00 -0.69563440E+02
  0.44654930E+00 -0.69564384E+02
  0.45771303E+00 -0.69565308E+02
  0.46887677E+00 -0.69566212E+02
  0.48004050E+00 -0.69567095E+02
  0.49120423E+00 -0.69567954E+02
  0.50236796E+00 -0.69568789E+02
  0.51353170E+00 -0.69569600E+02
  0.52469543E+00 -0.69570384E+02
  0.53585916E+00 -0.69571142E+02
  0.54702289E+00 -0.69571872E+02
  0.55818663E+00 -0.69572574E+02
  0.56935036E+00 -0.69573248E+02
  0.58051409E+00 -0.69573893E+02
  0.59167782E+00 -0.69574508E+02
  0.60284156E+00 -0.69575093E+02
  0.61400529E+00 -0.69575647E+02
  0.62516902E+00 -0.69576171E+02
  0.63633275E+00 -0.69576664E+02
  0.64749649E+00 -0.69577124E+02
  0.65866022E+00 -0.69577552E+02
  0.66982395E+00 -0.69577947E+02
  0.68098768E+00 -0.69578308E+02
  0.69215142E+00 -0.69578633E+02
  0.70331515E+00 -0.69578923E+02
  0.71447888E+00 -0.69579174E+02
  0.72564261E+00 -0.69579387E+02
  0.73680635E+00 -0.69579559E+02
  0.74797008E+00 -0.69579689E+02
  0.75913381E+00 -0.69579775E+02
  0.77029754E+00 -0.69579818E+02
  0.78146128E+00 -0.69579815E+02
  0.79262501E+00 -0.69579768E+02
  0.80378874E+00 -0.69579677E+02
  0.81495247E+00 -0.69579544E+02
  0.82611621E+00 -0.69579372E+02
  0.83727994E+00 -0.69579165E+02
  0.84844367E+00 -0.69578925E+02
  0.85960740E+00 -0.69578659E+02
  0.87077114E+00 -0.69578370E+02
  0.88193487E+00 -0.69578063E+02
  0.89309860E+00 -0.69577743E+02
  0.90426233E+00 -0.69577413E+02
  0.91542607E+00 -0.69577079E+02
  0.92658980E+00 -0.69576743E+02
  0.93775353E+00 -0.69576410E+02
  0.94891726E+00 -0.69576082E+02
  0.96008100E+00 -0.69575762E+02
  0.97124473E+00 -0.69575454E+02
  0.98240846E+00 -0.69575159E+02
  0.99357219E+00 -0.69574880E+02
  0.10047359E+01 -0.69574618E+02
  0.10158997E+01 -0.69574377E+02
  0.10270634E+01 -0.69574156E+02
  0.10382271E+01 -0.69573958E+02
  0.10493909E+01 -0.69573784E+02
  0.10605546E+01 -0.69573635E+02
  0.10717183E+01 -0.69573512E+02
  0.10828821E+01 -0.69573415E+02
  0.10940458E+01 -0.69573346E+02
  0.11052095E+01 -0.69573304E+02
  0.11163733E+01 -0.69573290E+02
  0.11275489E+01 -0.69573374E+02
  0.11387246E+01 -0.69573616E+02
  0.11499002E+01 -0.69574001E+02
  0.11610759E+01 -0.69574522E+02
  0.11722515E+01 -0.69575172E+02
  0.11834272E+01 -0.69575941E+02
  0.11946028E+01 -0.69576820E+02
  0.12057785E+01 -0.69577797E+02
  0.12169541E+01 -0.69578858E+02
  0.12281298E+01 -0.69579990E+02
  0.12393054E+01 -0.69581175E+02
  0.12504811E+01 -0.69582395E+02
  0.12616567E+01 -0.69583631E+02
  0.12728324E+01 -0.69584861E+02
  0.12840081E+01 -0.69586061E+02
  0.12951837E+01 -0.69587202E+02
  0.13063594E+01 -0.69588253E+02
  0.13175350E+01 -0.69589177E+02
  0.13287107E+01 -0.69589935E+02
  0.13398863E+01 -0.69590493E+02
  0.13510620E+01 -0.69590837E+02
  0.13622376E+01 -0.69590971E+02
  0.13734133E+01 -0.69590916E+02
  0.13845889E+01 -0.69590693E+02
  0.13957646E+01 -0.69590325E+02
  0.14069402E+01 -0.69589825E+02
  0.14181159E+01 -0.69589208E+02
  0.14292916E+01 -0.69588483E+02
  0.14404672E+01 -0.69587660E+02
  0.14516429E+01 -0.69586748E+02
  0.14628185E+01 -0.69585758E+02
  0.14739942E+01 -0.69584699E+02
  0.14851698E+01 -0.69583582E+02
  0.14963455E+01 -0.69582419E+02
  0.15075211E+01 -0.69581221E+02
  0.15186968E+01 -0.69580002E+02
  0.15298724E+01 -0.69578773E+02
  0.15410481E+01 -0.69577548E+02
  0.15522237E+01 -0.69576340E+02
  0.15633994E+01 -0.69575162E+02
  0.15745751E+01 -0.69574026E+02
  0.15857507E+01 -0.69572945E+02
  0.15969264E+01 -0.69571929E+02
  0.16081020E+01 -0.69570989E+02
  0.16192777E+01 -0.69570132E+02
  0.16304533E+01 -0.69569360E+02
  0.16416290E+01 -0.69568469E+02
  0.16528046E+01 -0.69567140E+02
  0.16639803E+01 -0.69565898E+02
  0.16751559E+01 -0.69564793E+02
  0.16863316E+01 -0.69563851E+02
  0.16975072E+01 -0.69563108E+02
  0.17086829E+01 -0.69562617E+02
  0.17198586E+01 -0.69562442E+02
  0.17310223E+01 -0.69562400E+02
  0.17421860E+01 -0.69562280E+02
  0.17533498E+01 -0.69562097E+02
  0.17645135E+01 -0.69561867E+02
  0.17756772E+01 -0.69561607E+02
  0.17868409E+01 -0.69561337E+02
  0.17980047E+01 -0.69561156E+02
  0.18091684E+01 -0.69561405E+02
  0.18203321E+01 -0.69561772E+02
  0.18314959E+01 -0.69562170E+02
  0.18426596E+01 -0.69562591E+02
  0.18538233E+01 -0.69563034E+02
  0.18649871E+01 -0.69563499E+02
  0.18761508E+01 -0.69563989E+02
  0.18873145E+01 -0.69564507E+02
  0.18984783E+01 -0.69565055E+02
  0.19096420E+01 -0.69565636E+02
  0.19208057E+01 -0.69566253E+02
  0.19319695E+01 -0.69566907E+02
  0.19431332E+01 -0.69567598E+02
  0.19542969E+01 -0.69568323E+02
  0.19654607E+01 -0.69569079E+02
  0.19766244E+01 -0.69569863E+02
  0.19877881E+01 -0.69570669E+02
  0.19989519E+01 -0.69571491E+02
  0.20101156E+01 -0.69572324E+02
  0.20212793E+01 -0.69573162E+02
  0.20324431E+01 -0.69573954E+02
  0.20436068E+01 -0.69574104E+02
  0.20547705E+01 -0.69574197E+02
  0.20659343E+01 -0.69574275E+02
  0.20770980E+01 -0.69574340E+02
  0.20882617E+01 -0.69574394E+02
  0.20994255E+01 -0.69574439E+02
  0.21105892E+01 -0.69574480E+02
  0.21217529E+01 -0.69574824E+02
  0.21329167E+01 -0.69575539E+02
  0.21440804E+01 -0.69576259E+02
  0.21552441E+01 -0.69576978E+02
  0.21664079E+01 -0.69577691E+02
  0.21775716E+01 -0.69578396E+02
  0.21887353E+01 -0.69579092E+02
  0.21998991E+01 -0.69579776E+02
  0.22110628E+01 -0.69580445E+02
  0.22222265E+01 -0.69581098E+02
  0.22333902E+01 -0.69581731E+02
  0.22445540E+01 -0.69582341E+02
  0.22557177E+01 -0.69582924E+02
  0.22668814E+01 -0.69583474E+02
  0.22780452E+01 -0.69583982E+02
  0.22892089E+01 -0.69584433E+02
  0.23003726E+01 -0.69584796E+02
  0.23115364E+01 -0.69585038E+02
  0.23227001E+01 -0.69585143E+02
  0.23338638E+01 -0.69585134E+02
  0.23450276E+01 -0.69585046E+02
  0.23561913E+01 -0.69584898E+02
  0.23673550E+01 -0.69584704E+02
  0.23785188E+01 -0.69584471E+02
  0.23896825E+01 -0.69584205E+02
  0.24008462E+01 -0.69583909E+02
  0.24120100E+01 -0.69583584E+02
  0.24231737E+01 -0.69583229E+02
  0.24343374E+01 -0.69582837E+02
  0.24455012E+01 -0.69582389E+02
  0.24566649E+01 -0.69581846E+02
  0.24678286E+01 -0.69581155E+02
  0.24789924E+01 -0.69580299E+02
  0.24901561E+01 -0.69579318E+02
  0.25013198E+01 -0.69578261E+02
  0.25124836E+01 -0.69577890E+02
  0.25236473E+01 -0.69578169E+02
  0.25348110E+01 -0.69578456E+02
  0.25459748E+01 -0.69578750E+02
  0.25571385E+01 -0.69579048E+02
  0.25683022E+01 -0.69579350E+02
  0.25794660E+01 -0.69579655E+02
  0.25906297E+01 -0.69579961E+02
  0.26017934E+01 -0.69580267E+02
  0.26129572E+01 -0.69580571E+02
  0.26241209E+01 -0.69580873E+02
  0.26352846E+01 -0.69581169E+02
  0.26464484E+01 -0.69581460E+02
  0.26576121E+01 -0.69581743E+02
  0.26687758E+01 -0.69582017E+02
  0.26799395E+01 -0.69582281E+02
  0.26911033E+01 -0.69582533E+02
  0.27022670E+01 -0.69582773E+02
  0.27134307E+01 -0.69582998E+02
  0.27245945E+01 -0.69583208E+02
  0.27357582E+01 -0.69583402E+02
  0.27469219E+01 -0.69583578E+02
  0.27580857E+01 -0.69583735E+02
  0.27692494E+01 -0.69583873E+02
  0.27804131E+01 -0.69583992E+02
  0.27915769E+01 -0.69584089E+02
  0.28027406E+01 -0.69584166E+02
  0.28139043E+01 -0.69584221E+02
  0.28250681E+01 -0.69584254E+02
  0.28362318E+01 -0.69584265E+02
  0.28474075E+01 -0.69584208E+02
  0.28585831E+01 -0.69584038E+02
  0.28697588E+01 -0.69583756E+02
  0.28809344E+01 -0.69583366E+02
  0.28921101E+01 -0.69582872E+02
  0.29032857E+01 -0.69581387E+02
  0.29144614E+01 -0.69579555E+02
  0.29256370E+01 -0.69577490E+02
  0.29368127E+01 -0.69575212E+02
  0.29479883E+01 -0.69572744E+02
  0.29591640E+01 -0.69570108E+02
  0.29703396E+01 -0.69567330E+02
  0.29815153E+01 -0.69564437E+02
  0.29926910E+01 -0.69561454E+02
  0.30038666E+01 -0.69558409E+02
  0.30150423E+01 -0.69555393E+02
  0.30262179E+01 -0.69552314E+02
  0.30373936E+01 -0.69549253E+02
  0.30485692E+01 -0.69546238E+02
  0.30597449E+01 -0.69543296E+02
  0.30709205E+01 -0.69540450E+02
  0.30820962E+01 -0.69537724E+02
  0.30932718E+01 -0.69535137E+02
  0.31044475E+01 -0.69532709E+02
  0.31156231E+01 -0.69531039E+02
  0.31267988E+01 -0.69530515E+02
  0.31379745E+01 -0.69530111E+02
  0.31491501E+01 -0.69529827E+02
  0.31603258E+01 -0.69529660E+02
  0.31715014E+01 -0.69529607E+02
  0.31826771E+01 -0.69529662E+02
  0.31938527E+01 -0.69529819E+02
  0.32050284E+01 -0.69530069E+02
  0.32162040E+01 -0.69530402E+02
  0.32273797E+01 -0.69530806E+02
  0.32385553E+01 -0.69531269E+02
  0.32497310E+01 -0.69531778E+02
  0.32609066E+01 -0.69532319E+02
  0.32720823E+01 -0.69532877E+02
  0.32832580E+01 -0.69533437E+02
  0.32944336E+01 -0.69533985E+02
  0.33056093E+01 -0.69534507E+02
  0.33167849E+01 -0.69534988E+02
  0.33279606E+01 -0.69535415E+02
  0.33391362E+01 -0.69535775E+02
  0.33503119E+01 -0.69536058E+02
  0.33614875E+01 -0.69536253E+02
  0.33726632E+01 -0.69536351E+02
  0.33838388E+01 -0.69536347E+02
  0.33950145E+01 -0.69536234E+02
  0.34061901E+01 -0.69536010E+02
  0.34173658E+01 -0.69535674E+02
  0.34285415E+01 -0.69535225E+02
  0.34397171E+01 -0.69534678E+02
  0.34509264E+01 -0.69534691E+02
  0.34621356E+01 -0.69534732E+02
  0.34733449E+01 -0.69534867E+02
  0.34845541E+01 -0.69535060E+02
  0.34957634E+01 -0.69535306E+02
  0.35069726E+01 -0.69535606E+02
  0.35181819E+01 -0.69535959E+02
  0.35293911E+01 -0.69536364E+02
  0.35406004E+01 -0.69536820E+02
  0.35518096E+01 -0.69537327E+02
  0.35630189E+01 -0.69537882E+02
  0.35742281E+01 -0.69538484E+02
  0.35854374E+01 -0.69539133E+02
  0.35966466E+01 -0.69539827E+02
  0.36078559E+01 -0.69540564E+02
  0.36190651E+01 -0.69541342E+02
  0.36302744E+01 -0.69542160E+02
  0.36414836E+01 -0.69543017E+02
  0.36526929E+01 -0.69543909E+02
  0.36639021E+01 -0.69544836E+02
  0.36751114E+01 -0.69545795E+02
  0.36863206E+01 -0.69546784E+02
  0.36975299E+01 -0.69547802E+02
  0.37087391E+01 -0.69548845E+02
  0.37199484E+01 -0.69549913E+02
  0.37311576E+01 -0.69551003E+02
  0.37423669E+01 -0.69552114E+02
  0.37535761E+01 -0.69553241E+02
  0.37647854E+01 -0.69554385E+02
  0.37759946E+01 -0.69555542E+02
  0.37872039E+01 -0.69556711E+02
  0.37984131E+01 -0.69557890E+02
  0.38096224E+01 -0.69559076E+02
  0.38208317E+01 -0.69560268E+02
  0.38320409E+01 -0.69561464E+02
  0.38432502E+01 -0.69562662E+02
  0.38544594E+01 -0.69563859E+02
  0.38656687E+01 -0.69565055E+02
  0.38768779E+01 -0.69566248E+02
  0.38880872E+01 -0.69567435E+02
  0.38992964E+01 -0.69568616E+02
  0.39105057E+01 -0.69569788E+02
  0.39217149E+01 -0.69570951E+02
  0.39329242E+01 -0.69572103E+02
  0.39441334E+01 -0.69573242E+02
  0.39553427E+01 -0.69574368E+02
  0.39665519E+01 -0.69575478E+02
  0.39777612E+01 -0.69576573E+02
  0.39889704E+01 -0.69577650E+02
  0.40001797E+01 -0.69578709E+02
  0.40113889E+01 -0.69579749E+02
  0.40225982E+01 -0.69580769E+02
  0.40338074E+01 -0.69581767E+02
  0.40450167E+01 -0.69582743E+02
  0.40562259E+01 -0.69583696E+02
  0.40674352E+01 -0.69584625E+02
  0.40786444E+01 -0.69585528E+02
  0.40898537E+01 -0.69586404E+02
  0.41010629E+01 -0.69587250E+02
  0.41122722E+01 -0.69588063E+02
  0.41234814E+01 -0.69588838E+02
  0.41346907E+01 -0.69589567E+02
  0.41458999E+01 -0.69590231E+02
  0.41571092E+01 -0.69590799E+02
  0.41683184E+01 -0.69591219E+02
  0.41795277E+01 -0.69591444E+02
  0.41907369E+01 -0.69591486E+02
  0.42019462E+01 -0.69591410E+02
  0.42131554E+01 -0.69591271E+02
  0.42243647E+01 -0.69591101E+02
  0.42355740E+01 -0.69590917E+02
  0.42467832E+01 -0.69590728E+02
  0.42579925E+01 -0.69590538E+02
  0.42692017E+01 -0.69590353E+02
  0.42804110E+01 -0.69590173E+02
  0.42916202E+01 -0.69590002E+02
  0.43028295E+01 -0.69589840E+02
  0.43140387E+01 -0.69589689E+02
  0.43252480E+01 -0.69589550E+02
  0.43364572E+01 -0.69589424E+02
  0.43476665E+01 -0.69589313E+02
  0.43588757E+01 -0.69589216E+02
  0.43700850E+01 -0.69589135E+02
  0.43812942E+01 -0.69589072E+02
  0.43925035E+01 -0.69589026E+02
  0.44037127E+01 -0.69588999E+02
  0.44149220E+01 -0.69588993E+02
  0.44261312E+01 -0.69589008E+02
  0.44373405E+01 -0.69589046E+02
  0.44485497E+01 -0.69589109E+02
  0.44597590E+01 -0.69589199E+02
  0.44709682E+01 -0.69589318E+02
  0.44821775E+01 -0.69589468E+02
  0.44933867E+01 -0.69589652E+02
  0.45045960E+01 -0.69589872E+02
  0.45158052E+01 -0.69590130E+02
  0.45270145E+01 -0.69590427E+02
  0.45382237E+01 -0.69590763E+02
  0.45494330E+01 -0.69591138E+02
  0.45606422E+01 -0.69591548E+02
  0.45718515E+01 -0.69591989E+02
  0.45830607E+01 -0.69592457E+02
  0.45942700E+01 -0.69592944E+02
  0.46054792E+01 -0.69593446E+02
  0.46166885E+01 -0.69593956E+02
  0.46278977E+01 -0.69594468E+02
  0.46391070E+01 -0.69594977E+02
  0.46503163E+01 -0.69595478E+02
  0.46615255E+01 -0.69595966E+02
  0.46727348E+01 -0.69596437E+02
  0.46839440E+01 -0.69596885E+02
  0.46951533E+01 -0.69597304E+02
  0.47063625E+01 -0.69597680E+02
  0.47175718E+01 -0.69597977E+02
  0.47287810E+01 -0.69598095E+02
  0.47399567E+01 -0.69597921E+02
  0.47511323E+01 -0.69597046E+02
  0.47623080E+01 -0.69595934E+02
  0.47734836E+01 -0.69594641E+02
  0.47846593E+01 -0.69593197E+02
  0.47958349E+01 -0.69591697E+02
  0.48070106E+01 -0.69590996E+02
  0.48181862E+01 -0.69591118E+02
  0.48293619E+01 -0.69591311E+02
  0.48405375E+01 -0.69591433E+02
  0.48517132E+01 -0.69591407E+02
  0.48628889E+01 -0.69591132E+02
  0.48740645E+01 -0.69590517E+02
  0.48852402E+01 -0.69589582E+02
  0.48964158E+01 -0.69588438E+02
  0.49075915E+01 -0.69587187E+02
  0.49187671E+01 -0.69585901E+02
  0.49299428E+01 -0.69584630E+02
  0.49411184E+01 -0.69583419E+02
  0.49522941E+01 -0.69582316E+02
  0.49634697E+01 -0.69581370E+02
  0.49746454E+01 -0.69580628E+02
  0.49858210E+01 -0.69580094E+02
  0.49969967E+01 -0.69579681E+02
  0.50081724E+01 -0.69579263E+02
  0.50193480E+01 -0.69578769E+02
  0.50305237E+01 -0.69578210E+02
  0.50416993E+01 -0.69577634E+02
  0.50528750E+01 -0.69577096E+02
  0.50640506E+01 -0.69576652E+02
  0.50752263E+01 -0.69576365E+02
  0.50864019E+01 -0.69576296E+02
  0.50975776E+01 -0.69576477E+02
  0.51087532E+01 -0.69576887E+02
  0.51199289E+01 -0.69577483E+02
  0.51311045E+01 -0.69578226E+02
  0.51422802E+01 -0.69579084E+02
  0.51534559E+01 -0.69580034E+02
  0.51646315E+01 -0.69581054E+02
  0.51758072E+01 -0.69582123E+02
  0.51869828E+01 -0.69583221E+02
  0.51981585E+01 -0.69584329E+02
  0.52093341E+01 -0.69585430E+02
  0.52205098E+01 -0.69586504E+02
  0.52316854E+01 -0.69587536E+02
  0.52428611E+01 -0.69588507E+02
  0.52540367E+01 -0.69589405E+02
  0.52652124E+01 -0.69590215E+02
  0.52763880E+01 -0.69590926E+02
  0.52875637E+01 -0.69591527E+02
  0.52987394E+01 -0.69592010E+02
  0.53099150E+01 -0.69592369E+02
  0.53210907E+01 -0.69592593E+02
  0.53322663E+01 -0.69592671E+02
  
  0.00000000E+00 -0.69534658E+02
  0.11163733E-01 -0.69534676E+02
  0.22327465E-01 -0.69534739E+02
  0.33491198E-01 -0.69534867E+02
  0.44654930E-01 -0.69535054E+02
  0.55818663E-01 -0.69535297E+02
  0.66982395E-01 -0.69535593E+02
  0.78146128E-01 -0.69535940E+02
  0.89309860E-01 -0.69536339E+02
  0.10047359E+00 -0.69536787E+02
  0.11163733E+00 -0.69537284E+02
  0.12280106E+00 -0.69537828E+02
  0.13396479E+00 -0.69538417E+02
  0.14512852E+00 -0.69539049E+02
  0.15629226E+00 -0.69539723E+02
  0.16745599E+00 -0.69540437E+02
  0.17861972E+00 -0.69541188E+02
  0.18978345E+00 -0.69541975E+02
  0.20094719E+00 -0.69542796E+02
  0.21211092E+00 -0.69543647E+02
  0.22327465E+00 -0.69544527E+02
  0.23443838E+00 -0.69545433E+02
  0.24560212E+00 -0.69546363E+02
  0.25676585E+00 -0.69547315E+02
  0.26792958E+00 -0.69548285E+02
  0.27909331E+00 -0.69549271E+02
  0.29025705E+00 -0.69550271E+02
  0.30142078E+00 -0.69551282E+02
  0.31258451E+00 -0.69552301E+02
  0.32374824E+00 -0.69553326E+02
  0.33491198E+00 -0.69554355E+02
  0.34607571E+00 -0.69555385E+02
  0.35723944E+00 -0.69556414E+02
  0.36840317E+00 -0.69557439E+02
  0.37956691E+00 -0.69558458E+02
  0.39073064E+00 -0.69559469E+02
  0.40189437E+00 -0.69560470E+02
  0.41305810E+00 -0.69561458E+02
  0.42422184E+00 -0.69562433E+02
  0.43538557E+00 -0.69563392E+02
  0.44654930E+00 -0.69564334E+02
  0.45771303E+00 -0.69565256E+02
  0.46887677E+00 -0.69566158E+02
  0.48004050E+00 -0.69567038E+02
  0.49120423E+00 -0.69567896E+02
  0.50236796E+00 -0.69568729E+02
  0.51353170E+00 -0.69569537E+02
  0.52469543E+00 -0.69570319E+02
  0.53585916E+00 -0.69571074E+02
  0.54702289E+00 -0.69571802E+02
  0.55818663E+00 -0.69572502E+02
  0.56935036E+00 -0.69573173E+02
  0.58051409E+00 -0.69573814E+02
  0.59167782E+00 -0.69574427E+02
  0.60284156E+00 -0.69575009E+02
  0.61400529E+00 -0.69575561E+02
  0.62516902E+00 -0.69576082E+02
  0.63633275E+00 -0.69576572E+02
  0.64749649E+00 -0.69577029E+02
  0.65866022E+00 -0.69577455E+02
  0.66982395E+00 -0.69577846E+02
  0.68098768E+00 -0.69578204E+02
  0.69215142E+00 -0.69578527E+02
  0.70331515E+00 -0.69578813E+02
  0.71447888E+00 -0.69579062E+02
  0.72564261E+00 -0.69579272E+02
  0.73680635E+00 -0.69579441E+02
  0.74797008E+00 -0.69579569E+02
  0.75913381E+00 -0.69579653E+02
  0.77029754E+00 -0.69579692E+02
  0.78146128E+00 -0.69579688E+02
  0.79262501E+00 -0.69579638E+02
  0.80378874E+00 -0.69579545E+02
  0.81495247E+00 -0.69579411E+02
  0.82611621E+00 -0.69579237E+02
  0.83727994E+00 -0.69579029E+02
  0.84844367E+00 -0.69578788E+02
  0.85960740E+00 -0.69578521E+02
  0.87077114E+00 -0.69578232E+02
  0.88193487E+00 -0.69577925E+02
  0.89309860E+00 -0.69577604E+02
  0.90426233E+00 -0.69577275E+02
  0.91542607E+00 -0.69576940E+02
  0.92658980E+00 -0.69576605E+02
  0.93775353E+00 -0.69576272E+02
  0.94891726E+00 -0.69575944E+02
  0.96008100E+00 -0.69575625E+02
  0.97124473E+00 -0.69575317E+02
  0.98240846E+00 -0.69575022E+02
  0.99357219E+00 -0.69574744E+02
  0.10047359E+01 -0.69574483E+02
  0.10158997E+01 -0.69574241E+02
  0.10270634E+01 -0.69574021E+02
  0.10382271E+01 -0.69573823E+02
  0.10493909E+01 -0.69573650E+02
  0.10605546E+01 -0.69573501E+02
  0.10717183E+01 -0.69573378E+02
  0.10828821E+01 -0.69573281E+02
  0.10940458E+01 -0.69573212E+02
  0.11052095E+01 -0.69573170E+02
  0.11163733E+01 -0.69573156E+02
  0.11275489E+01 -0.69573212E+02
  0.11387246E+01 -0.69573386E+02
  0.11499002E+01 -0.69573687E+02
  0.11610759E+01 -0.69574112E+02
  0.11722515E+01 -0.69574655E+02
  0.11834272E+01 -0.69575307E+02
  0.11946028E+01 -0.69576057E+02
  0.12057785E+01 -0.69576890E+02
  0.12169541E+01 -0.69577791E+02
  0.12281298E+01 -0.69578745E+02
  0.12393054E+01 -0.69579732E+02
  0.12504811E+01 -0.69580733E+02
  0.12616567E+01 -0.69581727E+02
  0.12728324E+01 -0.69582692E+02
  0.12840081E+01 -0.69583604E+02
  0.12951837E+01 -0.69584439E+02
  0.13063594E+01 -0.69585173E+02
  0.13175350E+01 -0.69585785E+02
  0.13287107E+01 -0.69586256E+02
  0.13398863E+01 -0.69586571E+02
  0.13510620E+01 -0.69586723E+02
  0.13622376E+01 -0.69586709E+02
  0.13734133E+01 -0.69586532E+02
  0.13845889E+01 -0.69586199E+02
  0.13957646E+01 -0.69585717E+02
  0.14069402E+01 -0.69585097E+02
  0.14181159E+01 -0.69584350E+02
  0.14292916E+01 -0.69583599E+02
  0.14404672E+01 -0.69582804E+02
  0.14516429E+01 -0.69581890E+02
  0.14628185E+01 -0.69580861E+02
  0.14739942E+01 -0.69579725E+02
  0.14851698E+01 -0.69578494E+02
  0.14963455E+01 -0.69577177E+02
  0.15075211E+01 -0.69575787E+02
  0.15186968E+01 -0.69574339E+02
  0.15298724E+01 -0.69572845E+02
  0.15410481E+01 -0.69571321E+02
  0.15522237E+01 -0.69569784E+02
  0.15633994E+01 -0.69568249E+02
  0.15745751E+01 -0.69566784E+02
  0.15857507E+01 -0.69565567E+02
  0.15969264E+01 -0.69564440E+02
  0.16081020E+01 -0.69563410E+02
  0.16192777E+01 -0.69562488E+02
  0.16304533E+01 -0.69561685E+02
  0.16416290E+01 -0.69561008E+02
  0.16528046E+01 -0.69560465E+02
  0.16639803E+01 -0.69560059E+02
  0.16751559E+01 -0.69559787E+02
  0.16863316E+01 -0.69559640E+02
  0.16975072E+01 -0.69559596E+02
  0.17086829E+01 -0.69559612E+02
  0.17198586E+01 -0.69559628E+02
  0.17310223E+01 -0.69559660E+02
  0.17421860E+01 -0.69559757E+02
  0.17533498E+01 -0.69559913E+02
  0.17645135E+01 -0.69560122E+02
  0.17756772E+01 -0.69560375E+02
  0.17868409E+01 -0.69560658E+02
  0.17980047E+01 -0.69560874E+02
  0.18091684E+01 -0.69560684E+02
  0.18203321E+01 -0.69560401E+02
  0.18314959E+01 -0.69560114E+02
  0.18426596E+01 -0.69559834E+02
  0.18538233E+01 -0.69559563E+02
  0.18649871E+01 -0.69559398E+02
  0.18761508E+01 -0.69560001E+02
  0.18873145E+01 -0.69560623E+02
  0.18984783E+01 -0.69561260E+02
  0.19096420E+01 -0.69561906E+02
  0.19208057E+01 -0.69562558E+02
  0.19319695E+01 -0.69563211E+02
  0.19431332E+01 -0.69563864E+02
  0.19542969E+01 -0.69564516E+02
  0.19654607E+01 -0.69565167E+02
  0.19766244E+01 -0.69565819E+02
  0.19877881E+01 -0.69566473E+02
  0.19989519E+01 -0.69567131E+02
  0.20101156E+01 -0.69567794E+02
  0.20212793E+01 -0.69568463E+02
  0.20324431E+01 -0.69569141E+02
  0.20436068E+01 -0.69569826E+02
  0.20547705E+01 -0.69570519E+02
  0.20659343E+01 -0.69571220E+02
  0.20770980E+01 -0.69571927E+02
  0.20882617E+01 -0.69572641E+02
  0.20994255E+01 -0.69573358E+02
  0.21105892E+01 -0.69574072E+02
  0.21217529E+01 -0.69574476E+02
  0.21329167E+01 -0.69574504E+02
  0.21440804E+01 -0.69574518E+02
  0.21552441E+01 -0.69574526E+02
  0.21664079E+01 -0.69574530E+02
  0.21775716E+01 -0.69574532E+02
  0.21887353E+01 -0.69574533E+02
  0.21998991E+01 -0.69574534E+02
  0.22110628E+01 -0.69574537E+02
  0.22222265E+01 -0.69574542E+02
  0.22333902E+01 -0.69574551E+02
  0.22445540E+01 -0.69574564E+02
  0.22557177E+01 -0.69574583E+02
  0.22668814E+01 -0.69574609E+02
  0.22780452E+01 -0.69574641E+02
  0.22892089E+01 -0.69574682E+02
  0.23003726E+01 -0.69574732E+02
  0.23115364E+01 -0.69574791E+02
  0.23227001E+01 -0.69574860E+02
  0.23338638E+01 -0.69574940E+02
  0.23450276E+01 -0.69575032E+02
  0.23561913E+01 -0.69575135E+02
  0.23673550E+01 -0.69575250E+02
  0.23785188E+01 -0.69575378E+02
  0.23896825E+01 -0.69575518E+02
  0.24008462E+01 -0.69575672E+02
  0.24120100E+01 -0.69575838E+02
  0.24231737E+01 -0.69576018E+02
  0.24343374E+01 -0.69576210E+02
  0.24455012E+01 -0.69576415E+02
  0.24566649E+01 -0.69576633E+02
  0.24678286E+01 -0.69576863E+02
  0.24789924E+01 -0.69577104E+02
  0.24901561E+01 -0.69577356E+02
  0.25013198E+01 -0.69577618E+02
  0.25124836E+01 -0.69577158E+02
  0.25236473E+01 -0.69576028E+02
  0.25348110E+01 -0.69574883E+02
  0.25459748E+01 -0.69573730E+02
  0.25571385E+01 -0.69572576E+02
  0.25683022E+01 -0.69571427E+02
  0.25794660E+01 -0.69570287E+02
  0.25906297E+01 -0.69569160E+02
  0.26017934E+01 -0.69568052E+02
  0.26129572E+01 -0.69566967E+02
  0.26241209E+01 -0.69565907E+02
  0.26352846E+01 -0.69564878E+02
  0.26464484E+01 -0.69563881E+02
  0.26576121E+01 -0.69562922E+02
  0.26687758E+01 -0.69562004E+02
  0.26799395E+01 -0.69561129E+02
  0.26911033E+01 -0.69560300E+02
  0.27022670E+01 -0.69559521E+02
  0.27134307E+01 -0.69558794E+02
  0.27245945E+01 -0.69558121E+02
  0.27357582E+01 -0.69557505E+02
  0.27469219E+01 -0.69556949E+02
  0.27580857E+01 -0.69556453E+02
  0.27692494E+01 -0.69556020E+02
  0.27804131E+01 -0.69555651E+02
  0.27915769E+01 -0.69555347E+02
  0.28027406E+01 -0.69555110E+02
  0.28139043E+01 -0.69554945E+02
  0.28250681E+01 -0.69554898E+02
  0.28362318E+01 -0.69554884E+02
  0.28474075E+01 -0.69554809E+02
  0.28585831E+01 -0.69554584E+02
  0.28697588E+01 -0.69554213E+02
  0.28809344E+01 -0.69553700E+02
  0.28921101E+01 -0.69553052E+02
  0.29032857E+01 -0.69552276E+02
  0.29144614E+01 -0.69551383E+02
  0.29256370E+01 -0.69550383E+02
  0.29368127E+01 -0.69549290E+02
  0.29479883E+01 -0.69548116E+02
  0.29591640E+01 -0.69546877E+02
  0.29703396E+01 -0.69546070E+02
  0.29815153E+01 -0.69548340E+02
  0.29926910E+01 -0.69550735E+02
  0.30038666E+01 -0.69553242E+02
  0.30150423E+01 -0.69555331E+02
  0.30262179E+01 -0.69552246E+02
  0.30373936E+01 -0.69549182E+02
  0.30485692E+01 -0.69546165E+02
  0.30597449E+01 -0.69543220E+02
  0.30709205E+01 -0.69540372E+02
  0.30820962E+01 -0.69537643E+02
  0.30932718E+01 -0.69535054E+02
  0.31044475E+01 -0.69532624E+02
  0.31156231E+01 -0.69531008E+02
  0.31267988E+01 -0.69530486E+02
  0.31379745E+01 -0.69530084E+02
  0.31491501E+01 -0.69529801E+02
  0.31603258E+01 -0.69529636E+02
  0.31715014E+01 -0.69529584E+02
  0.31826771E+01 -0.69529641E+02
  0.31938527E+01 -0.69529798E+02
  0.32050284E+01 -0.69530049E+02
  0.32162040E+01 -0.69530382E+02
  0.32273797E+01 -0.69530786E+02
  0.32385553E+01 -0.69531249E+02
  0.32497310E+01 -0.69531758E+02
  0.32609066E+01 -0.69532298E+02
  0.32720823E+01 -0.69532855E+02
  0.32832580E+01 -0.69533414E+02
  0.32944336E+01 -0.69533961E+02
  0.33056093E+01 -0.69534481E+02
  0.33167849E+01 -0.69534960E+02
  0.33279606E+01 -0.69535385E+02
  0.33391362E+01 -0.69535743E+02
  0.33503119E+01 -0.69536023E+02
  0.33614875E+01 -0.69536216E+02
  0.33726632E+01 -0.69536312E+02
  0.33838388E+01 -0.69536304E+02
  0.33950145E+01 -0.69536189E+02
  0.34061901E+01 -0.69535961E+02
  0.34173658E+01 -0.69535622E+02
  0.34285415E+01 -0.69535170E+02
  0.34397171E+01 -0.69534658E+02
  0.34509264E+01 -0.69534672E+02
  0.34621356E+01 -0.69534728E+02
  0.34733449E+01 -0.69534848E+02
  0.34845541E+01 -0.69535040E+02
  0.34957634E+01 -0.69535287E+02
  0.35069726E+01 -0.69535587E+02
  0.35181819E+01 -0.69535939E+02
  0.35293911E+01 -0.69536344E+02
  0.35406004E+01 -0.69536800E+02
  0.35518096E+01 -0.69537306E+02
  0.35630189E+01 -0.69537861E+02
  0.35742281E+01 -0.69538463E+02
  0.35854374E+01 -0.69539112E+02
  0.35966466E+01 -0.69539805E+02
  0.36078559E+01 -0.69540542E+02
  0.36190651E+01 -0.69541320E+02
  0.36302744E+01 -0.69542137E+02
  0.36414836E+01 -0.69542993E+02
  0.36526929E+01 -0.69543885E+02
  0.36639021E+01 -0.69544811E+02
  0.36751114E+01 -0.69545769E+02
  0.36863206E+01 -0.69546758E+02
  0.36975299E+01 -0.69547775E+02
  0.37087391E+01 -0.69548818E+02
  0.37199484E+01 -0.69549886E+02
  0.37311576E+01 -0.69550975E+02
  0.37423669E+01 -0.69552084E+02
  0.37535761E+01 -0.69553211E+02
  0.37647854E+01 -0.69554354E+02
  0.37759946E+01 -0.69555511E+02
  0.37872039E+01 -0.69556679E+02
  0.37984131E+01 -0.69557857E+02
  0.38096224E+01 -0.69559042E+02
  0.38208317E+01 -0.69560233E+02
  0.38320409E+01 -0.69561428E+02
  0.38432502E+01 -0.69562624E+02
  0.38544594E+01 -0.69563821E+02
  0.38656687E+01 -0.69565015E+02
  0.38768779E+01 -0.69566207E+02
  0.38880872E+01 -0.69567393E+02
  0.38992964E+01 -0.69568572E+02
  0.39105057E+01 -0.69569744E+02
  0.39217149E+01 -0.69570905E+02
  0.39329242E+01 -0.69572055E+02
  0.39441334E+01 -0.69573193E+02
  0.39553427E+01 -0.69574317E+02
  0.39665519E+01 -0.69575426E+02
  0.39777612E+01 -0.69576519E+02
  0.39889704E+01 -0.69577595E+02
  0.40001797E+01 -0.69578652E+02
  0.40113889E+01 -0.69579690E+02
  0.40225982E+01 -0.69580707E+02
  0.40338074E+01 -0.69581703E+02
  0.40450167E+01 -0.69582677E+02
  0.40562259E+01 -0.69583627E+02
  0.40674352E+01 -0.69584552E+02
  0.40786444E+01 -0.69585451E+02
  0.40898537E+01 -0.69586322E+02
  0.41010629E+01 -0.69587162E+02
  0.41122722E+01 -0.69587967E+02
  0.41234814E+01 -0.69588732E+02
  0.41346907E+01 -0.69589445E+02
  0.41458999E+01 -0.69590088E+02
  0.41571092E+01 -0.69590626E+02
  0.41683184E+01 -0.69591011E+02
  0.41795277E+01 -0.69591207E+02
  0.41907369E+01 -0.69591238E+02
  0.42019462E+01 -0.69591162E+02
  0.42131554E+01 -0.69591028E+02
  0.42243647E+01 -0.69590864E+02
  0.42355740E+01 -0.69590685E+02
  0.42467832E+01 -0.69590500E+02
  0.42579925E+01 -0.69590315E+02
  0.42692017E+01 -0.69590134E+02
  0.42804110E+01 -0.69589958E+02
  0.42916202E+01 -0.69589791E+02
  0.43028295E+01 -0.69589633E+02
  0.43140387E+01 -0.69589486E+02
  0.43252480E+01 -0.69589351E+02
  0.43364572E+01 -0.69589229E+02
  0.43476665E+01 -0.69589121E+02
  0.43588757E+01 -0.69589028E+02
  0.43700850E+01 -0.69588952E+02
  0.43812942E+01 -0.69588892E+02
  0.43925035E+01 -0.69588851E+02
  0.44037127E+01 -0.69588829E+02
  0.44149220E+01 -0.69588828E+02
  0.44261312E+01 -0.69588850E+02
  0.44373405E+01 -0.69588894E+02
  0.44485497E+01 -0.69588965E+02
  0.44597590E+01 -0.69589063E+02
  0.44709682E+01 -0.69589190E+02
  0.44821775E+01 -0.69589350E+02
  0.44933867E+01 -0.69589543E+02
  0.45045960E+01 -0.69589774E+02
  0.45158052E+01 -0.69590043E+02
  0.45270145E+01 -0.69590351E+02
  0.45382237E+01 -0.69590698E+02
  0.45494330E+01 -0.69591082E+02
  0.45606422E+01 -0.69591501E+02
  0.45718515E+01 -0.69591950E+02
  0.45830607E+01 -0.69592423E+02
  0.45942700E+01 -0.69592916E+02
  0.46054792E+01 -0.69593421E+02
  0.46166885E+01 -0.69593933E+02
  0.46278977E+01 -0.69594447E+02
  0.46391070E+01 -0.69594957E+02
  0.46503163E+01 -0.69595458E+02
  0.46615255E+01 -0.69595946E+02
  0.46727348E+01 -0.69596417E+02
  0.46839440E+01 -0.69596865E+02
  0.46951533E+01 -0.69597284E+02
  0.47063625E+01 -0.69597660E+02
  0.47175718E+01 -0.69597957E+02
  0.47287810E+01 -0.69598076E+02
  0.47399567E+01 -0.69597324E+02
  0.47511323E+01 -0.69596319E+02
  0.47623080E+01 -0.69595164E+02
  0.47734836E+01 -0.69593887E+02
  0.47846593E+01 -0.69592523E+02
  0.47958349E+01 -0.69591175E+02
  0.48070106E+01 -0.69589719E+02
  0.48181862E+01 -0.69587941E+02
  0.48293619E+01 -0.69586075E+02
  0.48405375E+01 -0.69584211E+02
  0.48517132E+01 -0.69582439E+02
  0.48628889E+01 -0.69580864E+02
  0.48740645E+01 -0.69579596E+02
  0.48852402E+01 -0.69578666E+02
  0.48964158E+01 -0.69578009E+02
  0.49075915E+01 -0.69577549E+02
  0.49187671E+01 -0.69577235E+02
  0.49299428E+01 -0.69577032E+02
  0.49411184E+01 -0.69576909E+02
  0.49522941E+01 -0.69576827E+02
  0.49634697E+01 -0.69576728E+02
  0.49746454E+01 -0.69576546E+02
  0.49858210E+01 -0.69576232E+02
  0.49969967E+01 -0.69575806E+02
  0.50081724E+01 -0.69575336E+02
  0.50193480E+01 -0.69574893E+02
  0.50305237E+01 -0.69574522E+02
  0.50416993E+01 -0.69574243E+02
  0.50528750E+01 -0.69574060E+02
  0.50640506E+01 -0.69573956E+02
  0.50752263E+01 -0.69573893E+02
  0.50864019E+01 -0.69573822E+02
  0.50975776E+01 -0.69573719E+02
  0.51087532E+01 -0.69573606E+02
  0.51199289E+01 -0.69573529E+02
  0.51311045E+01 -0.69573532E+02
  0.51422802E+01 -0.69573657E+02
  0.51534559E+01 -0.69573955E+02
  0.51646315E+01 -0.69574490E+02
  0.51758072E+01 -0.69575326E+02
  0.51869828E+01 -0.69576483E+02
  0.51981585E+01 -0.69577909E+02
  0.52093341E+01 -0.69579512E+02
  0.52205098E+01 -0.69581200E+02
  0.52316854E+01 -0.69582902E+02
  0.52428611E+01 -0.69584562E+02
  0.52540367E+01 -0.69586132E+02
  0.52652124E+01 -0.69587577E+02
  0.52763880E+01 -0.69588861E+02
  0.52875637E+01 -0.69589954E+02
  0.52987394E+01 -0.69590830E+02
  0.53099150E+01 -0.69591466E+02
  0.53210907E+01 -0.69591849E+02
  0.53322663E+01 -0.69591976E+02
  
  0.00000000E+00 -0.69534619E+02
  0.11163733E-01 -0.69534642E+02
  0.22327465E-01 -0.69534700E+02
  0.33491198E-01 -0.69534775E+02
  0.44654930E-01 -0.69534870E+02
  0.55818663E-01 -0.69534989E+02
  0.66982395E-01 -0.69535134E+02
  0.78146128E-01 -0.69535304E+02
  0.89309860E-01 -0.69535499E+02
  0.10047359E+00 -0.69535718E+02
  0.11163733E+00 -0.69535962E+02
  0.12280106E+00 -0.69536230E+02
  0.13396479E+00 -0.69536521E+02
  0.14512852E+00 -0.69536835E+02
  0.15629226E+00 -0.69537172E+02
  0.16745599E+00 -0.69537530E+02
  0.17861972E+00 -0.69537909E+02
  0.18978345E+00 -0.69538308E+02
  0.20094719E+00 -0.69538727E+02
  0.21211092E+00 -0.69539165E+02
  0.22327465E+00 -0.69539621E+02
  0.23443838E+00 -0.69540094E+02
  0.24560212E+00 -0.69540583E+02
  0.25676585E+00 -0.69541088E+02
  0.26792958E+00 -0.69541607E+02
  0.27909331E+00 -0.69542140E+02
  0.29025705E+00 -0.69542686E+02
  0.30142078E+00 -0.69543244E+02
  0.31258451E+00 -0.69543813E+02
  0.32374824E+00 -0.69544391E+02
  0.33491198E+00 -0.69544979E+02
  0.34607571E+00 -0.69545575E+02
  0.35723944E+00 -0.69546178E+02
  0.36840317E+00 -0.69546787E+02
  0.37956691E+00 -0.69547401E+02
  0.39073064E+00 -0.69548019E+02
  0.40189437E+00 -0.69548641E+02
  0.41305810E+00 -0.69549265E+02
  0.42422184E+00 -0.69549890E+02
  0.43538557E+00 -0.69550517E+02
  0.44654930E+00 -0.69551142E+02
  0.45771303E+00 -0.69551767E+02
  0.46887677E+00 -0.69552390E+02
  0.48004050E+00 -0.69553010E+02
  0.49120423E+00 -0.69553626E+02
  0.50236796E+00 -0.69554238E+02
  0.51353170E+00 -0.69554845E+02
  0.52469543E+00 -0.69555446E+02
  0.53585916E+00 -0.69556040E+02
  0.54702289E+00 -0.69556628E+02
  0.55818663E+00 -0.69557207E+02
  0.56935036E+00 -0.69557778E+02
  0.58051409E+00 -0.69558341E+02
  0.59167782E+00 -0.69558894E+02
  0.60284156E+00 -0.69559437E+02
  0.61400529E+00 -0.69559970E+02
  0.62516902E+00 -0.69560492E+02
  0.63633275E+00 -0.69561003E+02
  0.64749649E+00 -0.69561502E+02
  0.65866022E+00 -0.69561990E+02
  0.66982395E+00 -0.69562465E+02
  0.68098768E+00 -0.69562928E+02
  0.69215142E+00 -0.69563379E+02
  0.70331515E+00 -0.69563817E+02
  0.71447888E+00 -0.69564242E+02
  0.72564261E+00 -0.69564654E+02
  0.73680635E+00 -0.69565053E+02
  0.74797008E+00 -0.69565439E+02
  0.75913381E+00 -0.69565811E+02
  0.77029754E+00 -0.69566170E+02
  0.78146128E+00 -0.69566516E+02
  0.79262501E+00 -0.69566849E+02
  0.80378874E+00 -0.69567169E+02
  0.81495247E+00 -0.69567476E+02
  0.82611621E+00 -0.69567769E+02
  0.83727994E+00 -0.69568050E+02
  0.84844367E+00 -0.69568318E+02
  0.85960740E+00 -0.69568573E+02
  0.87077114E+00 -0.69568816E+02
  0.88193487E+00 -0.69569046E+02
  0.89309860E+00 -0.69569264E+02
  0.90426233E+00 -0.69569471E+02
  0.91542607E+00 -0.69569665E+02
  0.92658980E+00 -0.69569847E+02
  0.93775353E+00 -0.69570018E+02
  0.94891726E+00 -0.69570178E+02
  0.96008100E+00 -0.69570326E+02
  0.97124473E+00 -0.69570464E+02
  0.98240846E+00 -0.69570590E+02
  0.99357219E+00 -0.69570706E+02
  0.10047359E+01 -0.69570811E+02
  0.10158997E+01 -0.69570906E+02
  0.10270634E+01 -0.69570990E+02
  0.10382271E+01 -0.69571064E+02
  0.10493909E+01 -0.69571128E+02
  0.10605546E+01 -0.69571182E+02
  0.10717183E+01 -0.69571226E+02
  0.10828821E+01 -0.69571260E+02
  0.10940458E+01 -0.69571285E+02
  0.11052095E+01 -0.69571299E+02
  0.11163733E+01 -0.69571304E+02
  0.11275489E+01 -0.69571713E+02
  0.11387246E+01 -0.69572211E+02
  0.11499002E+01 -0.69572784E+02
  0.11610759E+01 -0.69573427E+02
  0.11722515E+01 -0.69574134E+02
  0.11834272E+01 -0.69574896E+02
  0.11946028E+01 -0.69575705E+02
  0.12057785E+01 -0.69576551E+02
  0.12169541E+01 -0.69577424E+02
  0.12281298E+01 -0.69578311E+02
  0.12393054E+01 -0.69579200E+02
  0.12504811E+01 -0.69580078E+02
  0.12616567E+01 -0.69580934E+02
  0.12728324E+01 -0.69581754E+02
  0.12840081E+01 -0.69582525E+02
  0.12951837E+01 -0.69583235E+02
  0.13063594E+01 -0.69583871E+02
  0.13175350E+01 -0.69584424E+02
  0.13287107E+01 -0.69584882E+02
  0.13398863E+01 -0.69585235E+02
  0.13510620E+01 -0.69585476E+02
  0.13622376E+01 -0.69585597E+02
  0.13734133E+01 -0.69585593E+02
  0.13845889E+01 -0.69585459E+02
  0.13957646E+01 -0.69585192E+02
  0.14069402E+01 -0.69584791E+02
  0.14181159E+01 -0.69584253E+02
  0.14292916E+01 -0.69583469E+02
  0.14404672E+01 -0.69582492E+02
  0.14516429E+01 -0.69581414E+02
  0.14628185E+01 -0.69580250E+02
  0.14739942E+01 -0.69579011E+02
  0.14851698E+01 -0.69577710E+02
  0.14963455E+01 -0.69576360E+02
  0.15075211E+01 -0.69574976E+02
  0.15186968E+01 -0.69573572E+02
  0.15298724E+01 -0.69572162E+02
  0.15410481E+01 -0.69570762E+02
  0.15522237E+01 -0.69569387E+02
  0.15633994E+01 -0.69568052E+02
  0.15745751E+01 -0.69566719E+02
  0.15857507E+01 -0.69565242E+02
  0.15969264E+01 -0.69563808E+02
  0.16081020E+01 -0.69562439E+02
  0.16192777E+01 -0.69561151E+02
  0.16304533E+01 -0.69559956E+02
  0.16416290E+01 -0.69558869E+02
  0.16528046E+01 -0.69557901E+02
  0.16639803E+01 -0.69557063E+02
  0.16751559E+01 -0.69556364E+02
  0.16863316E+01 -0.69555812E+02
  0.16975072E+01 -0.69555414E+02
  0.17086829E+01 -0.69555173E+02
  0.17198586E+01 -0.69555092E+02
  0.17310223E+01 -0.69555121E+02
  0.17421860E+01 -0.69555207E+02
  0.17533498E+01 -0.69555349E+02
  0.17645135E+01 -0.69555545E+02
  0.17756772E+01 -0.69555794E+02
  0.17868409E+01 -0.69556094E+02
  0.17980047E+01 -0.69556442E+02
  0.18091684E+01 -0.69556837E+02
  0.18203321E+01 -0.69557275E+02
  0.18314959E+01 -0.69557754E+02
  0.18426596E+01 -0.69558270E+02
  0.18538233E+01 -0.69558820E+02
  0.18649871E+01 -0.69559305E+02
  0.18761508E+01 -0.69559060E+02
  0.18873145E+01 -0.69558829E+02
  0.18984783E+01 -0.69558615E+02
  0.19096420E+01 -0.69558416E+02
  0.19208057E+01 -0.69558234E+02
  0.19319695E+01 -0.69558068E+02
  0.19431332E+01 -0.69557919E+02
  0.19542969E+01 -0.69557785E+02
  0.19654607E+01 -0.69557667E+02
  0.19766244E+01 -0.69557565E+02
  0.19877881E+01 -0.69557476E+02
  0.19989519E+01 -0.69557400E+02
  0.20101156E+01 -0.69557337E+02
  0.20212793E+01 -0.69557285E+02
  0.20324431E+01 -0.69557242E+02
  0.20436068E+01 -0.69557208E+02
  0.20547705E+01 -0.69557180E+02
  0.20659343E+01 -0.69557158E+02
  0.20770980E+01 -0.69557140E+02
  0.20882617E+01 -0.69557123E+02
  0.20994255E+01 -0.69557107E+02
  0.21105892E+01 -0.69557089E+02
  0.21217529E+01 -0.69557068E+02
  0.21329167E+01 -0.69557042E+02
  0.21440804E+01 -0.69557009E+02
  0.21552441E+01 -0.69556968E+02
  0.21664079E+01 -0.69556916E+02
  0.21775716E+01 -0.69556853E+02
  0.21887353E+01 -0.69556776E+02
  0.21998991E+01 -0.69556685E+02
  0.22110628E+01 -0.69556577E+02
  0.22222265E+01 -0.69556452E+02
  0.22333902E+01 -0.69556308E+02
  0.22445540E+01 -0.69556145E+02
  0.22557177E+01 -0.69555960E+02
  0.22668814E+01 -0.69555755E+02
  0.22780452E+01 -0.69555527E+02
  0.22892089E+01 -0.69555276E+02
  0.23003726E+01 -0.69555002E+02
  0.23115364E+01 -0.69554705E+02
  0.23227001E+01 -0.69554383E+02
  0.23338638E+01 -0.69554037E+02
  0.23450276E+01 -0.69553666E+02
  0.23561913E+01 -0.69553271E+02
  0.23673550E+01 -0.69552853E+02
  0.23785188E+01 -0.69552410E+02
  0.23896825E+01 -0.69551944E+02
  0.24008462E+01 -0.69551455E+02
  0.24120100E+01 -0.69551168E+02
  0.24231737E+01 -0.69551828E+02
  0.24343374E+01 -0.69552482E+02
  0.24455012E+01 -0.69553126E+02
  0.24566649E+01 -0.69553754E+02
  0.24678286E+01 -0.69554361E+02
  0.24789924E+01 -0.69554941E+02
  0.24901561E+01 -0.69555489E+02
  0.25013198E+01 -0.69555998E+02
  0.25124836E+01 -0.69556462E+02
  0.25236473E+01 -0.69556877E+02
  0.25348110E+01 -0.69557238E+02
  0.25459748E+01 -0.69557540E+02
  0.25571385E+01 -0.69557782E+02
  0.25683022E+01 -0.69557962E+02
  0.25794660E+01 -0.69558081E+02
  0.25906297E+01 -0.69558140E+02
  0.26017934E+01 -0.69558144E+02
  0.26129572E+01 -0.69558096E+02
  0.26241209E+01 -0.69558002E+02
  0.26352846E+01 -0.69557869E+02
  0.26464484E+01 -0.69557703E+02
  0.26576121E+01 -0.69557511E+02
  0.26687758E+01 -0.69557299E+02
  0.26799395E+01 -0.69557073E+02
  0.26911033E+01 -0.69556839E+02
  0.27022670E+01 -0.69556602E+02
  0.27134307E+01 -0.69556368E+02
  0.27245945E+01 -0.69556140E+02
  0.27357582E+01 -0.69555923E+02
  0.27469219E+01 -0.69555720E+02
  0.27580857E+01 -0.69555534E+02
  0.27692494E+01 -0.69555368E+02
  0.27804131E+01 -0.69555224E+02
  0.27915769E+01 -0.69555103E+02
  0.28027406E+01 -0.69555008E+02
  0.28139043E+01 -0.69554934E+02
  0.28250681E+01 -0.69554837E+02
  0.28362318E+01 -0.69554803E+02
  0.28474075E+01 -0.69554728E+02
  0.28585831E+01 -0.69554504E+02
  0.28697588E+01 -0.69554133E+02
  0.28809344E+01 -0.69553621E+02
  0.28921101E+01 -0.69552974E+02
  0.29032857E+01 -0.69552199E+02
  0.29144614E+01 -0.69551308E+02
  0.29256370E+01 -0.69550310E+02
  0.29368127E+01 -0.69549218E+02
  0.29479883E+01 -0.69548047E+02
  0.29591640E+01 -0.69546809E+02
  0.29703396E+01 -0.69545586E+02
  0.29815153E+01 -0.69544261E+02
  0.29926910E+01 -0.69542916E+02
  0.30038666E+01 -0.69541568E+02
  0.30150423E+01 -0.69540233E+02
  0.30262179E+01 -0.69538926E+02
  0.30373936E+01 -0.69537662E+02
  0.30485692E+01 -0.69536455E+02
  0.30597449E+01 -0.69535317E+02
  0.30709205E+01 -0.69534261E+02
  0.30820962E+01 -0.69533297E+02
  0.30932718E+01 -0.69532435E+02
  0.31044475E+01 -0.69531680E+02
  0.31156231E+01 -0.69530456E+02
  0.31267988E+01 -0.69528393E+02
  0.31379745E+01 -0.69526531E+02
  0.31491501E+01 -0.69524880E+02
  0.31603258E+01 -0.69523446E+02
  0.31715014E+01 -0.69522234E+02
  0.31826771E+01 -0.69521245E+02
  0.31938527E+01 -0.69520477E+02
  0.32050284E+01 -0.69519927E+02
  0.32162040E+01 -0.69519590E+02
  0.32273797E+01 -0.69519455E+02
  0.32385553E+01 -0.69519514E+02
  0.32497310E+01 -0.69519753E+02
  0.32609066E+01 -0.69520159E+02
  0.32720823E+01 -0.69520714E+02
  0.32832580E+01 -0.69521404E+02
  0.32944336E+01 -0.69522208E+02
  0.33056093E+01 -0.69523109E+02
  0.33167849E+01 -0.69524087E+02
  0.33279606E+01 -0.69525122E+02
  0.33391362E+01 -0.69526195E+02
  0.33503119E+01 -0.69527287E+02
  0.33614875E+01 -0.69528379E+02
  0.33726632E+01 -0.69529452E+02
  0.33838388E+01 -0.69530491E+02
  0.33950145E+01 -0.69531479E+02
  0.34061901E+01 -0.69532402E+02
  0.34173658E+01 -0.69533249E+02
  0.34285415E+01 -0.69534007E+02
  0.34397171E+01 -0.69534619E+02
  0.34509264E+01 -0.69534647E+02
  0.34621356E+01 -0.69534713E+02
  0.34733449E+01 -0.69534797E+02
  0.34845541E+01 -0.69534889E+02
  0.34957634E+01 -0.69535008E+02
  0.35069726E+01 -0.69535152E+02
  0.35181819E+01 -0.69535321E+02
  0.35293911E+01 -0.69535515E+02
  0.35406004E+01 -0.69535732E+02
  0.35518096E+01 -0.69535973E+02
  0.35630189E+01 -0.69536237E+02
  0.35742281E+01 -0.69536522E+02
  0.35854374E+01 -0.69536828E+02
  0.35966466E+01 -0.69537154E+02
  0.36078559E+01 -0.69537499E+02
  0.36190651E+01 -0.69537861E+02
  0.36302744E+01 -0.69538241E+02
  0.36414836E+01 -0.69538637E+02
  0.36526929E+01 -0.69539047E+02
  0.36639021E+01 -0.69539471E+02
  0.36751114E+01 -0.69539907E+02
  0.36863206E+01 -0.69540355E+02
  0.36975299E+01 -0.69540813E+02
  0.37087391E+01 -0.69541280E+02
  0.37199484E+01 -0.69541755E+02
  0.37311576E+01 -0.69542237E+02
  0.37423669E+01 -0.69542725E+02
  0.37535761E+01 -0.69543217E+02
  0.37647854E+01 -0.69543714E+02
  0.37759946E+01 -0.69544214E+02
  0.37872039E+01 -0.69544716E+02
  0.37984131E+01 -0.69545219E+02
  0.38096224E+01 -0.69545723E+02
  0.38208317E+01 -0.69546227E+02
  0.38320409E+01 -0.69546730E+02
  0.38432502E+01 -0.69547232E+02
  0.38544594E+01 -0.69547732E+02
  0.38656687E+01 -0.69548230E+02
  0.38768779E+01 -0.69548726E+02
  0.38880872E+01 -0.69549220E+02
  0.38992964E+01 -0.69549711E+02
  0.39105057E+01 -0.69550199E+02
  0.39217149E+01 -0.69550685E+02
  0.39329242E+01 -0.69551168E+02
  0.39441334E+01 -0.69551649E+02
  0.39553427E+01 -0.69552129E+02
  0.39665519E+01 -0.69552606E+02
  0.39777612E+01 -0.69553082E+02
  0.39889704E+01 -0.69553558E+02
  0.40001797E+01 -0.69554033E+02
  0.40113889E+01 -0.69554509E+02
  0.40225982E+01 -0.69554985E+02
  0.40338074E+01 -0.69555463E+02
  0.40450167E+01 -0.69555943E+02
  0.40562259E+01 -0.69556427E+02
  0.40674352E+01 -0.69556914E+02
  0.40786444E+01 -0.69557405E+02
  0.40898537E+01 -0.69557901E+02
  0.41010629E+01 -0.69558404E+02
  0.41122722E+01 -0.69558913E+02
  0.41234814E+01 -0.69559429E+02
  0.41346907E+01 -0.69559953E+02
  0.41458999E+01 -0.69560486E+02
  0.41571092E+01 -0.69561028E+02
  0.41683184E+01 -0.69561580E+02
  0.41795277E+01 -0.69562142E+02
  0.41907369E+01 -0.69562715E+02
  0.42019462E+01 -0.69563300E+02
  0.42131554E+01 -0.69563895E+02
  0.42243647E+01 -0.69564502E+02
  0.42355740E+01 -0.69565122E+02
  0.42467832E+01 -0.69565753E+02
  0.42579925E+01 -0.69566396E+02
  0.42692017E+01 -0.69567051E+02
  0.42804110E+01 -0.69567718E+02
  0.42916202E+01 -0.69568396E+02
  0.43028295E+01 -0.69569085E+02
  0.43140387E+01 -0.69569784E+02
  0.43252480E+01 -0.69570493E+02
  0.43364572E+01 -0.69571210E+02
  0.43476665E+01 -0.69571936E+02
  0.43588757E+01 -0.69572668E+02
  0.43700850E+01 -0.69573405E+02
  0.43812942E+01 -0.69574146E+02
  0.43925035E+01 -0.69574889E+02
  0.44037127E+01 -0.69575633E+02
  0.44149220E+01 -0.69576374E+02
  0.44261312E+01 -0.69577110E+02
  0.44373405E+01 -0.69577839E+02
  0.44485497E+01 -0.69578558E+02
  0.44597590E+01 -0.69579262E+02
  0.44709682E+01 -0.69579948E+02
  0.44821775E+01 -0.69580611E+02
  0.44933867E+01 -0.69581247E+02
  0.45045960E+01 -0.69581852E+02
  0.45158052E+01 -0.69582422E+02
  0.45270145E+01 -0.69582952E+02
  0.45382237E+01 -0.69583440E+02
  0.45494330E+01 -0.69583886E+02
  0.45606422E+01 -0.69584288E+02
  0.45718515E+01 -0.69584649E+02
  0.45830607E+01 -0.69584971E+02
  0.45942700E+01 -0.69585256E+02
  0.46054792E+01 -0.69585510E+02
  0.46166885E+01 -0.69585734E+02
  0.46278977E+01 -0.69585931E+02
  0.46391070E+01 -0.69586104E+02
  0.46503163E+01 -0.69586255E+02
  0.46615255E+01 -0.69586384E+02
  0.46727348E+01 -0.69586494E+02
  0.46839440E+01 -0.69586584E+02
  0.46951533E+01 -0.69586655E+02
  0.47063625E+01 -0.69586706E+02
  0.47175718E+01 -0.69586738E+02
  0.47287810E+01 -0.69586750E+02
  0.47399567E+01 -0.69587317E+02
  0.47511323E+01 -0.69587957E+02
  0.47623080E+01 -0.69588551E+02
  0.47734836E+01 -0.69589082E+02
  0.47846593E+01 -0.69589517E+02
  0.47958349E+01 -0.69589688E+02
  0.48070106E+01 -0.69588895E+02
  0.48181862E+01 -0.69587361E+02
  0.48293619E+01 -0.69585643E+02
  0.48405375E+01 -0.69583837E+02
  0.48517132E+01 -0.69581971E+02
  0.48628889E+01 -0.69580087E+02
  0.48740645E+01 -0.69578217E+02
  0.48852402E+01 -0.69576372E+02
  0.48964158E+01 -0.69574564E+02
  0.49075915E+01 -0.69572808E+02
  0.49187671E+01 -0.69571119E+02
  0.49299428E+01 -0.69569513E+02
  0.49411184E+01 -0.69568005E+02
  0.49522941E+01 -0.69566607E+02
  0.49634697E+01 -0.69565333E+02
  0.49746454E+01 -0.69564193E+02
  0.49858210E+01 -0.69563196E+02
  0.49969967E+01 -0.69562352E+02
  0.50081724E+01 -0.69561665E+02
  0.50193480E+01 -0.69561142E+02
  0.50305237E+01 -0.69560785E+02
  0.50416993E+01 -0.69560596E+02
  0.50528750E+01 -0.69560576E+02
  0.50640506E+01 -0.69560721E+02
  0.50752263E+01 -0.69561030E+02
  0.50864019E+01 -0.69561497E+02
  0.50975776E+01 -0.69562116E+02
  0.51087532E+01 -0.69562878E+02
  0.51199289E+01 -0.69563773E+02
  0.51311045E+01 -0.69564789E+02
  0.51422802E+01 -0.69565911E+02
  0.51534559E+01 -0.69567123E+02
  0.51646315E+01 -0.69568412E+02
  0.51758072E+01 -0.69569775E+02
  0.51869828E+01 -0.69571201E+02
  0.51981585E+01 -0.69572664E+02
  0.52093341E+01 -0.69574140E+02
  0.52205098E+01 -0.69575608E+02
  0.52316854E+01 -0.69577046E+02
  0.52428611E+01 -0.69578433E+02
  0.52540367E+01 -0.69579745E+02
  0.52652124E+01 -0.69580958E+02
  0.52763880E+01 -0.69582048E+02
  0.52875637E+01 -0.69582988E+02
  0.52987394E+01 -0.69583753E+02
  0.53099150E+01 -0.69584319E+02
  0.53210907E+01 -0.69584668E+02
  0.53322663E+01 -0.69584786E+02
  
  0.00000000E+00 -0.69534600E+02
  0.11163733E-01 -0.69534623E+02
  0.22327465E-01 -0.69534681E+02
  0.33491198E-01 -0.69534756E+02
  0.44654930E-01 -0.69534851E+02
  0.55818663E-01 -0.69534970E+02
  0.66982395E-01 -0.69535115E+02
  0.78146128E-01 -0.69535285E+02
  0.89309860E-01 -0.69535479E+02
  0.10047359E+00 -0.69535699E+02
  0.11163733E+00 -0.69535943E+02
  0.12280106E+00 -0.69536211E+02
  0.13396479E+00 -0.69536502E+02
  0.14512852E+00 -0.69536816E+02
  0.15629226E+00 -0.69537153E+02
  0.16745599E+00 -0.69537511E+02
  0.17861972E+00 -0.69537890E+02
  0.18978345E+00 -0.69538289E+02
  0.20094719E+00 -0.69538708E+02
  0.21211092E+00 -0.69539146E+02
  0.22327465E+00 -0.69539602E+02
  0.23443838E+00 -0.69540075E+02
  0.24560212E+00 -0.69540564E+02
  0.25676585E+00 -0.69541069E+02
  0.26792958E+00 -0.69541588E+02
  0.27909331E+00 -0.69542121E+02
  0.29025705E+00 -0.69542667E+02
  0.30142078E+00 -0.69543225E+02
  0.31258451E+00 -0.69543794E+02
  0.32374824E+00 -0.69544372E+02
  0.33491198E+00 -0.69544960E+02
  0.34607571E+00 -0.69545556E+02
  0.35723944E+00 -0.69546159E+02
  0.36840317E+00 -0.69546768E+02
  0.37956691E+00 -0.69547382E+02
  0.39073064E+00 -0.69548000E+02
  0.40189437E+00 -0.69548622E+02
  0.41305810E+00 -0.69549246E+02
  0.42422184E+00 -0.69549871E+02
  0.43538557E+00 -0.69550497E+02
  0.44654930E+00 -0.69551123E+02
  0.45771303E+00 -0.69551748E+02
  0.46887677E+00 -0.69552371E+02
  0.48004050E+00 -0.69552991E+02
  0.49120423E+00 -0.69553607E+02
  0.50236796E+00 -0.69554219E+02
  0.51353170E+00 -0.69554826E+02
  0.52469543E+00 -0.69555427E+02
  0.53585916E+00 -0.69556021E+02
  0.54702289E+00 -0.69556608E+02
  0.55818663E+00 -0.69557188E+02
  0.56935036E+00 -0.69557759E+02
  0.58051409E+00 -0.69558322E+02
  0.59167782E+00 -0.69558875E+02
  0.60284156E+00 -0.69559418E+02
  0.61400529E+00 -0.69559951E+02
  0.62516902E+00 -0.69560473E+02
  0.63633275E+00 -0.69560984E+02
  0.64749649E+00 -0.69561483E+02
  0.65866022E+00 -0.69561970E+02
  0.66982395E+00 -0.69562446E+02
  0.68098768E+00 -0.69562909E+02
  0.69215142E+00 -0.69563360E+02
  0.70331515E+00 -0.69563798E+02
  0.71447888E+00 -0.69564223E+02
  0.72564261E+00 -0.69564635E+02
  0.73680635E+00 -0.69565034E+02
  0.74797008E+00 -0.69565419E+02
  0.75913381E+00 -0.69565792E+02
  0.77029754E+00 -0.69566151E+02
  0.78146128E+00 -0.69566497E+02
  0.79262501E+00 -0.69566830E+02
  0.80378874E+00 -0.69567150E+02
  0.81495247E+00 -0.69567456E+02
  0.82611621E+00 -0.69567750E+02
  0.83727994E+00 -0.69568031E+02
  0.84844367E+00 -0.69568299E+02
  0.85960740E+00 -0.69568554E+02
  0.87077114E+00 -0.69568797E+02
  0.88193487E+00 -0.69569027E+02
  0.89309860E+00 -0.69569245E+02
  0.90426233E+00 -0.69569451E+02
  0.91542607E+00 -0.69569646E+02
  0.92658980E+00 -0.69569828E+02
  0.93775353E+00 -0.69569999E+02
  0.94891726E+00 -0.69570159E+02
  0.96008100E+00 -0.69570307E+02
  0.97124473E+00 -0.69570445E+02
  0.98240846E+00 -0.69570571E+02
  0.99357219E+00 -0.69570687E+02
  0.10047359E+01 -0.69570792E+02
  0.10158997E+01 -0.69570887E+02
  0.10270634E+01 -0.69570971E+02
  0.10382271E+01 -0.69571045E+02
  0.10493909E+01 -0.69571109E+02
  0.10605546E+01 -0.69571163E+02
  0.10717183E+01 -0.69571207E+02
  0.10828821E+01 -0.69571241E+02
  0.10940458E+01 -0.69571266E+02
  0.11052095E+01 -0.69571280E+02
  0.11163733E+01 -0.69571285E+02
  0.11275489E+01 -0.69570958E+02
  0.11387246E+01 -0.69570704E+02
  0.11499002E+01 -0.69570533E+02
  0.11610759E+01 -0.69570443E+02
  0.11722515E+01 -0.69570430E+02
  0.11834272E+01 -0.69570490E+02
  0.11946028E+01 -0.69570618E+02
  0.12057785E+01 -0.69570806E+02
  0.12169541E+01 -0.69571047E+02
  0.12281298E+01 -0.69571331E+02
  0.12393054E+01 -0.69571650E+02
  0.12504811E+01 -0.69571992E+02
  0.12616567E+01 -0.69572347E+02
  0.12728324E+01 -0.69572704E+02
  0.12840081E+01 -0.69573052E+02
  0.12951837E+01 -0.69573380E+02
  0.13063594E+01 -0.69573676E+02
  0.13175350E+01 -0.69573930E+02
  0.13287107E+01 -0.69574132E+02
  0.13398863E+01 -0.69574272E+02
  0.13510620E+01 -0.69574343E+02
  0.13622376E+01 -0.69574335E+02
  0.13734133E+01 -0.69574244E+02
  0.13845889E+01 -0.69574063E+02
  0.13957646E+01 -0.69573788E+02
  0.14069402E+01 -0.69573417E+02
  0.14181159E+01 -0.69572948E+02
  0.14292916E+01 -0.69572382E+02
  0.14404672E+01 -0.69571719E+02
  0.14516429E+01 -0.69570964E+02
  0.14628185E+01 -0.69570119E+02
  0.14739942E+01 -0.69569192E+02
  0.14851698E+01 -0.69568188E+02
  0.14963455E+01 -0.69567117E+02
  0.15075211E+01 -0.69565988E+02
  0.15186968E+01 -0.69564810E+02
  0.15298724E+01 -0.69563596E+02
  0.15410481E+01 -0.69562356E+02
  0.15522237E+01 -0.69561104E+02
  0.15633994E+01 -0.69559852E+02
  0.15745751E+01 -0.69558614E+02
  0.15857507E+01 -0.69557402E+02
  0.15969264E+01 -0.69556230E+02
  0.16081020E+01 -0.69555110E+02
  0.16192777E+01 -0.69554055E+02
  0.16304533E+01 -0.69553077E+02
  0.16416290E+01 -0.69552185E+02
  0.16528046E+01 -0.69551391E+02
  0.16639803E+01 -0.69550703E+02
  0.16751559E+01 -0.69550130E+02
  0.16863316E+01 -0.69549676E+02
  0.16975072E+01 -0.69549349E+02
  0.17086829E+01 -0.69549151E+02
  0.17198586E+01 -0.69549085E+02
  0.17310223E+01 -0.69549051E+02
  0.17421860E+01 -0.69548954E+02
  0.17533498E+01 -0.69548796E+02
  0.17645135E+01 -0.69548587E+02
  0.17756772E+01 -0.69548333E+02
  0.17868409E+01 -0.69548043E+02
  0.17980047E+01 -0.69547726E+02
  0.18091684E+01 -0.69547389E+02
  0.18203321E+01 -0.69547037E+02
  0.18314959E+01 -0.69546677E+02
  0.18426596E+01 -0.69546312E+02
  0.18538233E+01 -0.69545945E+02
  0.18649871E+01 -0.69545581E+02
  0.18761508E+01 -0.69545221E+02
  0.18873145E+01 -0.69544866E+02
  0.18984783E+01 -0.69544519E+02
  0.19096420E+01 -0.69544181E+02
  0.19208057E+01 -0.69543853E+02
  0.19319695E+01 -0.69543536E+02
  0.19431332E+01 -0.69543232E+02
  0.19542969E+01 -0.69542939E+02
  0.19654607E+01 -0.69542661E+02
  0.19766244E+01 -0.69542397E+02
  0.19877881E+01 -0.69542149E+02
  0.19989519E+01 -0.69541917E+02
  0.20101156E+01 -0.69541702E+02
  0.20212793E+01 -0.69541505E+02
  0.20324431E+01 -0.69541328E+02
  0.20436068E+01 -0.69541171E+02
  0.20547705E+01 -0.69541035E+02
  0.20659343E+01 -0.69540921E+02
  0.20770980E+01 -0.69540831E+02
  0.20882617E+01 -0.69540765E+02
  0.20994255E+01 -0.69540725E+02
  0.21105892E+01 -0.69540711E+02
  0.21217529E+01 -0.69540724E+02
  0.21329167E+01 -0.69540765E+02
  0.21440804E+01 -0.69540836E+02
  0.21552441E+01 -0.69540936E+02
  0.21664079E+01 -0.69541066E+02
  0.21775716E+01 -0.69541228E+02
  0.21887353E+01 -0.69541421E+02
  0.21998991E+01 -0.69541645E+02
  0.22110628E+01 -0.69541902E+02
  0.22222265E+01 -0.69542190E+02
  0.22333902E+01 -0.69542510E+02
  0.22445540E+01 -0.69542861E+02
  0.22557177E+01 -0.69543244E+02
  0.22668814E+01 -0.69543657E+02
  0.22780452E+01 -0.69544100E+02
  0.22892089E+01 -0.69544572E+02
  0.23003726E+01 -0.69545071E+02
  0.23115364E+01 -0.69545596E+02
  0.23227001E+01 -0.69546147E+02
  0.23338638E+01 -0.69546720E+02
  0.23450276E+01 -0.69547314E+02
  0.23561913E+01 -0.69547926E+02
  0.23673550E+01 -0.69548555E+02
  0.23785188E+01 -0.69549197E+02
  0.23896825E+01 -0.69549848E+02
  0.24008462E+01 -0.69550507E+02
  0.24120100E+01 -0.69550944E+02
  0.24231737E+01 -0.69550411E+02
  0.24343374E+01 -0.69549858E+02
  0.24455012E+01 -0.69549285E+02
  0.24566649E+01 -0.69548694E+02
  0.24678286E+01 -0.69548087E+02
  0.24789924E+01 -0.69547464E+02
  0.24901561E+01 -0.69546827E+02
  0.25013198E+01 -0.69546178E+02
  0.25124836E+01 -0.69545520E+02
  0.25236473E+01 -0.69544853E+02
  0.25348110E+01 -0.69544180E+02
  0.25459748E+01 -0.69543503E+02
  0.25571385E+01 -0.69542824E+02
  0.25683022E+01 -0.69542146E+02
  0.25794660E+01 -0.69541471E+02
  0.25906297E+01 -0.69540802E+02
  0.26017934E+01 -0.69540140E+02
  0.26129572E+01 -0.69539489E+02
  0.26241209E+01 -0.69538850E+02
  0.26352846E+01 -0.69538227E+02
  0.26464484E+01 -0.69537622E+02
  0.26576121E+01 -0.69537036E+02
  0.26687758E+01 -0.69536473E+02
  0.26799395E+01 -0.69535934E+02
  0.26911033E+01 -0.69535423E+02
  0.27022670E+01 -0.69534940E+02
  0.27134307E+01 -0.69534488E+02
  0.27245945E+01 -0.69534068E+02
  0.27357582E+01 -0.69533683E+02
  0.27469219E+01 -0.69533334E+02
  0.27580857E+01 -0.69533023E+02
  0.27692494E+01 -0.69532750E+02
  0.27804131E+01 -0.69532517E+02
  0.27915769E+01 -0.69532326E+02
  0.28027406E+01 -0.69532176E+02
  0.28139043E+01 -0.69532068E+02
  0.28250681E+01 -0.69532003E+02
  0.28362318E+01 -0.69531982E+02
  0.28474075E+01 -0.69532086E+02
  0.28585831E+01 -0.69532397E+02
  0.28697588E+01 -0.69532914E+02
  0.28809344E+01 -0.69533634E+02
  0.28921101E+01 -0.69534554E+02
  0.29032857E+01 -0.69535669E+02
  0.29144614E+01 -0.69536973E+02
  0.29256370E+01 -0.69538460E+02
  0.29368127E+01 -0.69540122E+02
  0.29479883E+01 -0.69541950E+02
  0.29591640E+01 -0.69543937E+02
  0.29703396E+01 -0.69545521E+02
  0.29815153E+01 -0.69544198E+02
  0.29926910E+01 -0.69542856E+02
  0.30038666E+01 -0.69541511E+02
  0.30150423E+01 -0.69540178E+02
  0.30262179E+01 -0.69538874E+02
  0.30373936E+01 -0.69537613E+02
  0.30485692E+01 -0.69536408E+02
  0.30597449E+01 -0.69535273E+02
  0.30709205E+01 -0.69534220E+02
  0.30820962E+01 -0.69533259E+02
  0.30932718E+01 -0.69532399E+02
  0.31044475E+01 -0.69531646E+02
  0.31156231E+01 -0.69530369E+02
  0.31267988E+01 -0.69528304E+02
  0.31379745E+01 -0.69526440E+02
  0.31491501E+01 -0.69524787E+02
  0.31603258E+01 -0.69523352E+02
  0.31715014E+01 -0.69522139E+02
  0.31826771E+01 -0.69521148E+02
  0.31938527E+01 -0.69520380E+02
  0.32050284E+01 -0.69519830E+02
  0.32162040E+01 -0.69519492E+02
  0.32273797E+01 -0.69519357E+02
  0.32385553E+01 -0.69519416E+02
  0.32497310E+01 -0.69519656E+02
  0.32609066E+01 -0.69520062E+02
  0.32720823E+01 -0.69520619E+02
  0.32832580E+01 -0.69521309E+02
  0.32944336E+01 -0.69522115E+02
  0.33056093E+01 -0.69523018E+02
  0.33167849E+01 -0.69523998E+02
  0.33279606E+01 -0.69525035E+02
  0.33391362E+01 -0.69526110E+02
  0.33503119E+01 -0.69527205E+02
  0.33614875E+01 -0.69528299E+02
  0.33726632E+01 -0.69529375E+02
  0.33838388E+01 -0.69530417E+02
  0.33950145E+01 -0.69531408E+02
  0.34061901E+01 -0.69532334E+02
  0.34173658E+01 -0.69533184E+02
  0.34285415E+01 -0.69533945E+02
  0.34397171E+01 -0.69534600E+02
  0.34509264E+01 -0.69534628E+02
  0.34621356E+01 -0.69534709E+02
  0.34733449E+01 -0.69534778E+02
  0.34845541E+01 -0.69534870E+02
  0.34957634E+01 -0.69534989E+02
  0.35069726E+01 -0.69535133E+02
  0.35181819E+01 -0.69535302E+02
  0.35293911E+01 -0.69535496E+02
  0.35406004E+01 -0.69535713E+02
  0.35518096E+01 -0.69535954E+02
  0.35630189E+01 -0.69536218E+02
  0.35742281E+01 -0.69536503E+02
  0.35854374E+01 -0.69536809E+02
  0.35966466E+01 -0.69537134E+02
  0.36078559E+01 -0.69537479E+02
  0.36190651E+01 -0.69537842E+02
  0.36302744E+01 -0.69538222E+02
  0.36414836E+01 -0.69538617E+02
  0.36526929E+01 -0.69539027E+02
  0.36639021E+01 -0.69539451E+02
  0.36751114E+01 -0.69539887E+02
  0.36863206E+01 -0.69540335E+02
  0.36975299E+01 -0.69540793E+02
  0.37087391E+01 -0.69541260E+02
  0.37199484E+01 -0.69541734E+02
  0.37311576E+01 -0.69542216E+02
  0.37423669E+01 -0.69542704E+02
  0.37535761E+01 -0.69543196E+02
  0.37647854E+01 -0.69543693E+02
  0.37759946E+01 -0.69544192E+02
  0.37872039E+01 -0.69544694E+02
  0.37984131E+01 -0.69545197E+02
  0.38096224E+01 -0.69545700E+02
  0.38208317E+01 -0.69546204E+02
  0.38320409E+01 -0.69546706E+02
  0.38432502E+01 -0.69547208E+02
  0.38544594E+01 -0.69547707E+02
  0.38656687E+01 -0.69548205E+02
  0.38768779E+01 -0.69548701E+02
  0.38880872E+01 -0.69549194E+02
  0.38992964E+01 -0.69549684E+02
  0.39105057E+01 -0.69550172E+02
  0.39217149E+01 -0.69550657E+02
  0.39329242E+01 -0.69551139E+02
  0.39441334E+01 -0.69551620E+02
  0.39553427E+01 -0.69552098E+02
  0.39665519E+01 -0.69552575E+02
  0.39777612E+01 -0.69553050E+02
  0.39889704E+01 -0.69553525E+02
  0.40001797E+01 -0.69553999E+02
  0.40113889E+01 -0.69554474E+02
  0.40225982E+01 -0.69554949E+02
  0.40338074E+01 -0.69555426E+02
  0.40450167E+01 -0.69555906E+02
  0.40562259E+01 -0.69556388E+02
  0.40674352E+01 -0.69556874E+02
  0.40786444E+01 -0.69557364E+02
  0.40898537E+01 -0.69557859E+02
  0.41010629E+01 -0.69558361E+02
  0.41122722E+01 -0.69558869E+02
  0.41234814E+01 -0.69559384E+02
  0.41346907E+01 -0.69559907E+02
  0.41458999E+01 -0.69560438E+02
  0.41571092E+01 -0.69560979E+02
  0.41683184E+01 -0.69561530E+02
  0.41795277E+01 -0.69562091E+02
  0.41907369E+01 -0.69562662E+02
  0.42019462E+01 -0.69563245E+02
  0.42131554E+01 -0.69563839E+02
  0.42243647E+01 -0.69564445E+02
  0.42355740E+01 -0.69565062E+02
  0.42467832E+01 -0.69565692E+02
  0.42579925E+01 -0.69566333E+02
  0.42692017E+01 -0.69566987E+02
  0.42804110E+01 -0.69567651E+02
  0.42916202E+01 -0.69568327E+02
  0.43028295E+01 -0.69569014E+02
  0.43140387E+01 -0.69569711E+02
  0.43252480E+01 -0.69570417E+02
  0.43364572E+01 -0.69571132E+02
  0.43476665E+01 -0.69571854E+02
  0.43588757E+01 -0.69572583E+02
  0.43700850E+01 -0.69573317E+02
  0.43812942E+01 -0.69574054E+02
  0.43925035E+01 -0.69574793E+02
  0.44037127E+01 -0.69575531E+02
  0.44149220E+01 -0.69576267E+02
  0.44261312E+01 -0.69576998E+02
  0.44373405E+01 -0.69577720E+02
  0.44485497E+01 -0.69578431E+02
  0.44597590E+01 -0.69579127E+02
  0.44709682E+01 -0.69579804E+02
  0.44821775E+01 -0.69580458E+02
  0.44933867E+01 -0.69581084E+02
  0.45045960E+01 -0.69581677E+02
  0.45158052E+01 -0.69582235E+02
  0.45270145E+01 -0.69582754E+02
  0.45382237E+01 -0.69583231E+02
  0.45494330E+01 -0.69583666E+02
  0.45606422E+01 -0.69584059E+02
  0.45718515E+01 -0.69584411E+02
  0.45830607E+01 -0.69584726E+02
  0.45942700E+01 -0.69585006E+02
  0.46054792E+01 -0.69585254E+02
  0.46166885E+01 -0.69585474E+02
  0.46278977E+01 -0.69585669E+02
  0.46391070E+01 -0.69585839E+02
  0.46503163E+01 -0.69585988E+02
  0.46615255E+01 -0.69586117E+02
  0.46727348E+01 -0.69586225E+02
  0.46839440E+01 -0.69586314E+02
  0.46951533E+01 -0.69586384E+02
  0.47063625E+01 -0.69586435E+02
  0.47175718E+01 -0.69586467E+02
  0.47287810E+01 -0.69586479E+02
  0.47399567E+01 -0.69585875E+02
  0.47511323E+01 -0.69585123E+02
  0.47623080E+01 -0.69584342E+02
  0.47734836E+01 -0.69583540E+02
  0.47846593E+01 -0.69582725E+02
  0.47958349E+01 -0.69581900E+02
  0.48070106E+01 -0.69581070E+02
  0.48181862E+01 -0.69580235E+02
  0.48293619E+01 -0.69579385E+02
  0.48405375E+01 -0.69578499E+02
  0.48517132E+01 -0.69577524E+02
  0.48628889E+01 -0.69576372E+02
  0.48740645E+01 -0.69574951E+02
  0.48852402E+01 -0.69573268E+02
  0.48964158E+01 -0.69571421E+02
  0.49075915E+01 -0.69569514E+02
  0.49187671E+01 -0.69567620E+02
  0.49299428E+01 -0.69565790E+02
  0.49411184E+01 -0.69564059E+02
  0.49522941E+01 -0.69562454E+02
  0.49634697E+01 -0.69561000E+02
  0.49746454E+01 -0.69559716E+02
  0.49858210E+01 -0.69558617E+02
  0.49969967E+01 -0.69557716E+02
  0.50081724E+01 -0.69557025E+02
  0.50193480E+01 -0.69556550E+02
  0.50305237E+01 -0.69556296E+02
  0.50416993E+01 -0.69556264E+02
  0.50528750E+01 -0.69556453E+02
  0.50640506E+01 -0.69556858E+02
  0.50752263E+01 -0.69557471E+02
  0.50864019E+01 -0.69558281E+02
  0.50975776E+01 -0.69559271E+02
  0.51087532E+01 -0.69560422E+02
  0.51199289E+01 -0.69561708E+02
  0.51311045E+01 -0.69563094E+02
  0.51422802E+01 -0.69564534E+02
  0.51534559E+01 -0.69565965E+02
  0.51646315E+01 -0.69567297E+02
  0.51758072E+01 -0.69568429E+02
  0.51869828E+01 -0.69569305E+02
  0.51981585E+01 -0.69569952E+02
  0.52093341E+01 -0.69570435E+02
  0.52205098E+01 -0.69570811E+02
  0.52316854E+01 -0.69571120E+02
  0.52428611E+01 -0.69571383E+02
  0.52540367E+01 -0.69571611E+02
  0.52652124E+01 -0.69571810E+02
  0.52763880E+01 -0.69571980E+02
  0.52875637E+01 -0.69572122E+02
  0.52987394E+01 -0.69572234E+02
  0.53099150E+01 -0.69572315E+02
  0.53210907E+01 -0.69572364E+02
  0.53322663E+01 -0.69572381E+02
  
