  0.00000000E+00 -0.69684091E+02
  0.11163733E-01 -0.69684086E+02
  0.22327465E-01 -0.69684070E+02
  0.33491198E-01 -0.69684045E+02
  0.44654930E-01 -0.69684010E+02
  0.55818663E-01 -0.69683965E+02
  0.66982395E-01 -0.69683909E+02
  0.78146128E-01 -0.69683844E+02
  0.89309860E-01 -0.69683769E+02
  0.10047359E+00 -0.69683684E+02
  0.11163733E+00 -0.69683590E+02
  0.12280106E+00 -0.69683486E+02
  0.13396479E+00 -0.69683372E+02
  0.14512852E+00 -0.69683249E+02
  0.15629226E+00 -0.69683117E+02
  0.16745599E+00 -0.69682976E+02
  0.17861972E+00 -0.69682827E+02
  0.18978345E+00 -0.69682668E+02
  0.20094719E+00 -0.69682501E+02
  0.21211092E+00 -0.69682325E+02
  0.22327465E+00 -0.69682142E+02
  0.23443838E+00 -0.69681950E+02
  0.24560212E+00 -0.69681750E+02
  0.25676585E+00 -0.69681544E+02
  0.26792958E+00 -0.69681329E+02
  0.27909331E+00 -0.69681108E+02
  0.29025705E+00 -0.69680880E+02
  0.30142078E+00 -0.69680645E+02
  0.31258451E+00 -0.69680405E+02
  0.32374824E+00 -0.69680158E+02
  0.33491198E+00 -0.69679905E+02
  0.34607571E+00 -0.69679647E+02
  0.35723944E+00 -0.69679384E+02
  0.36840317E+00 -0.69679116E+02
  0.37956691E+00 -0.69678843E+02
  0.39073064E+00 -0.69678567E+02
  0.40189437E+00 -0.69678286E+02
  0.41305810E+00 -0.69678002E+02
  0.42422184E+00 -0.69677715E+02
  0.43538557E+00 -0.69677425E+02
  0.44654930E+00 -0.69677132E+02
  0.45771303E+00 -0.69676838E+02
  0.46887677E+00 -0.69676541E+02
  0.48004050E+00 -0.69676243E+02
  0.49120423E+00 -0.69675944E+02
  0.50236796E+00 -0.69675645E+02
  0.51353170E+00 -0.69675345E+02
  0.52469543E+00 -0.69675045E+02
  0.53585916E+00 -0.69674746E+02
  0.54702289E+00 -0.69674448E+02
  0.55818663E+00 -0.69674151E+02
  0.56935036E+00 -0.69673856E+02
  0.58051409E+00 -0.69673563E+02
  0.59167782E+00 -0.69673272E+02
  0.60284156E+00 -0.69672984E+02
  0.61400529E+00 -0.69672700E+02
  0.62516902E+00 -0.69672419E+02
  0.63633275E+00 -0.69672143E+02
  0.64749649E+00 -0.69671871E+02
  0.65866022E+00 -0.69671603E+02
  0.66982395E+00 -0.69671342E+02
  0.68098768E+00 -0.69671085E+02
  0.69215142E+00 -0.69670835E+02
  0.70331515E+00 -0.69670591E+02
  0.71447888E+00 -0.69670355E+02
  0.72564261E+00 -0.69670125E+02
  0.73680635E+00 -0.69669902E+02
  0.74797008E+00 -0.69669688E+02
  0.75913381E+00 -0.69669481E+02
  0.77029754E+00 -0.69669283E+02
  0.78146128E+00 -0.69669093E+02
  0.79262501E+00 -0.69668912E+02
  0.80378874E+00 -0.69668740E+02
  0.81495247E+00 -0.69668577E+02
  0.82611621E+00 -0.69668423E+02
  0.83727994E+00 -0.69668278E+02
  0.84844367E+00 -0.69668142E+02
  0.85960740E+00 -0.69668016E+02
  0.87077114E+00 -0.69667899E+02
  0.88193487E+00 -0.69667790E+02
  0.89309860E+00 -0.69667691E+02
  0.90426233E+00 -0.69667599E+02
  0.91542607E+00 -0.69667517E+02
  0.92658980E+00 -0.69667442E+02
  0.93775353E+00 -0.69667375E+02
  0.94891726E+00 -0.69667314E+02
  0.96008100E+00 -0.69667261E+02
  0.97124473E+00 -0.69667214E+02
  0.98240846E+00 -0.69667173E+02
  0.99357219E+00 -0.69667138E+02
  0.10047359E+01 -0.69667107E+02
  0.10158997E+01 -0.69667081E+02
  0.10270634E+01 -0.69667059E+02
  0.10382271E+01 -0.69667041E+02
  0.10493909E+01 -0.69667026E+02
  0.10605546E+01 -0.69667014E+02
  0.10717183E+01 -0.69667005E+02
  0.10828821E+01 -0.69666998E+02
  0.10940458E+01 -0.69666993E+02
  0.11052095E+01 -0.69666990E+02
  0.11163733E+01 -0.69666989E+02
  0.11275489E+01 -0.69667006E+02
  0.11387246E+01 -0.69667028E+02
  0.11499002E+01 -0.69667029E+02
  0.11610759E+01 -0.69667000E+02
  0.11722515E+01 -0.69666939E+02
  0.11834272E+01 -0.69666846E+02
  0.11946028E+01 -0.69666722E+02
  0.12057785E+01 -0.69666565E+02
  0.12169541E+01 -0.69666377E+02
  0.12281298E+01 -0.69666159E+02
  0.12393054E+01 -0.69665911E+02
  0.12504811E+01 -0.69665633E+02
  0.12616567E+01 -0.69665328E+02
  0.12728324E+01 -0.69664996E+02
  0.12840081E+01 -0.69664638E+02
  0.12951837E+01 -0.69664256E+02
  0.13063594E+01 -0.69663850E+02
  0.13175350E+01 -0.69663422E+02
  0.13287107E+01 -0.69662974E+02
  0.13398863E+01 -0.69662507E+02
  0.13510620E+01 -0.69662021E+02
  0.13622376E+01 -0.69661520E+02
  0.13734133E+01 -0.69661004E+02
  0.13845889E+01 -0.69660475E+02
  0.13957646E+01 -0.69659935E+02
  0.14069402E+01 -0.69659385E+02
  0.14181159E+01 -0.69658826E+02
  0.14292916E+01 -0.69658262E+02
  0.14404672E+01 -0.69657693E+02
  0.14516429E+01 -0.69657120E+02
  0.14628185E+01 -0.69656546E+02
  0.14739942E+01 -0.69655973E+02
  0.14851698E+01 -0.69655401E+02
  0.14963455E+01 -0.69654833E+02
  0.15075211E+01 -0.69654269E+02
  0.15186968E+01 -0.69653713E+02
  0.15298724E+01 -0.69653164E+02
  0.15410481E+01 -0.69652626E+02
  0.15522237E+01 -0.69652098E+02
  0.15633994E+01 -0.69651583E+02
  0.15745751E+01 -0.69651083E+02
  0.15857507E+01 -0.69650598E+02
  0.15969264E+01 -0.69650129E+02
  0.16081020E+01 -0.69649680E+02
  0.16192777E+01 -0.69649251E+02
  0.16304533E+01 -0.69648843E+02
  0.16416290E+01 -0.69648460E+02
  0.16528046E+01 -0.69648103E+02
  0.16639803E+01 -0.69647777E+02
  0.16751559E+01 -0.69647487E+02
  0.16863316E+01 -0.69647239E+02
  0.16975072E+01 -0.69647045E+02
  0.17086829E+01 -0.69646919E+02
  0.17198586E+01 -0.69646875E+02
  0.17310223E+01 -0.69646913E+02
  0.17421860E+01 -0.69647020E+02
  0.17533498E+01 -0.69647188E+02
  0.17645135E+01 -0.69647404E+02
  0.17756772E+01 -0.69647656E+02
  0.17868409E+01 -0.69647934E+02
  0.17980047E+01 -0.69648230E+02
  0.18091684E+01 -0.69648540E+02
  0.18203321E+01 -0.69648859E+02
  0.18314959E+01 -0.69649183E+02
  0.18426596E+01 -0.69649512E+02
  0.18538233E+01 -0.69649843E+02
  0.18649871E+01 -0.69650174E+02
  0.18761508E+01 -0.69650506E+02
  0.18873145E+01 -0.69650836E+02
  0.18984783E+01 -0.69651165E+02
  0.19096420E+01 -0.69651492E+02
  0.19208057E+01 -0.69651817E+02
  0.19319695E+01 -0.69652138E+02
  0.19431332E+01 -0.69652457E+02
  0.19542969E+01 -0.69652772E+02
  0.19654607E+01 -0.69653084E+02
  0.19766244E+01 -0.69653393E+02
  0.19877881E+01 -0.69653697E+02
  0.19989519E+01 -0.69653997E+02
  0.20101156E+01 -0.69654294E+02
  0.20212793E+01 -0.69654586E+02
  0.20324431E+01 -0.69654874E+02
  0.20436068E+01 -0.69655158E+02
  0.20547705E+01 -0.69655438E+02
  0.20659343E+01 -0.69655713E+02
  0.20770980E+01 -0.69655984E+02
  0.20882617E+01 -0.69656250E+02
  0.20994255E+01 -0.69656511E+02
  0.21105892E+01 -0.69656769E+02
  0.21217529E+01 -0.69657021E+02
  0.21329167E+01 -0.69657269E+02
  0.21440804E+01 -0.69657513E+02
  0.21552441E+01 -0.69657752E+02
  0.21664079E+01 -0.69657986E+02
  0.21775716E+01 -0.69658216E+02
  0.21887353E+01 -0.69658441E+02
  0.21998991E+01 -0.69658661E+02
  0.22110628E+01 -0.69658877E+02
  0.22222265E+01 -0.69659088E+02
  0.22333902E+01 -0.69659295E+02
  0.22445540E+01 -0.69659498E+02
  0.22557177E+01 -0.69659695E+02
  0.22668814E+01 -0.69659889E+02
  0.22780452E+01 -0.69660077E+02
  0.22892089E+01 -0.69660262E+02
  0.23003726E+01 -0.69660441E+02
  0.23115364E+01 -0.69660617E+02
  0.23227001E+01 -0.69660788E+02
  0.23338638E+01 -0.69660955E+02
  0.23450276E+01 -0.69661117E+02
  0.23561913E+01 -0.69661275E+02
  0.23673550E+01 -0.69661429E+02
  0.23785188E+01 -0.69661579E+02
  0.23896825E+01 -0.69661724E+02
  0.24008462E+01 -0.69661865E+02
  0.24120100E+01 -0.69662002E+02
  0.24231737E+01 -0.69662135E+02
  0.24343374E+01 -0.69662264E+02
  0.24455012E+01 -0.69662389E+02
  0.24566649E+01 -0.69662510E+02
  0.24678286E+01 -0.69662627E+02
  0.24789924E+01 -0.69662740E+02
  0.24901561E+01 -0.69662849E+02
  0.25013198E+01 -0.69662954E+02
  0.25124836E+01 -0.69663055E+02
  0.25236473E+01 -0.69663153E+02
  0.25348110E+01 -0.69663247E+02
  0.25459748E+01 -0.69663337E+02
  0.25571385E+01 -0.69663423E+02
  0.25683022E+01 -0.69663506E+02
  0.25794660E+01 -0.69663585E+02
  0.25906297E+01 -0.69663661E+02
  0.26017934E+01 -0.69663733E+02
  0.26129572E+01 -0.69663801E+02
  0.26241209E+01 -0.69663866E+02
  0.26352846E+01 -0.69663927E+02
  0.26464484E+01 -0.69663985E+02
  0.26576121E+01 -0.69664039E+02
  0.26687758E+01 -0.69664091E+02
  0.26799395E+01 -0.69664138E+02
  0.26911033E+01 -0.69664182E+02
  0.27022670E+01 -0.69664223E+02
  0.27134307E+01 -0.69664261E+02
  0.27245945E+01 -0.69664295E+02
  0.27357582E+01 -0.69664326E+02
  0.27469219E+01 -0.69664354E+02
  0.27580857E+01 -0.69664378E+02
  0.27692494E+01 -0.69664399E+02
  0.27804131E+01 -0.69664417E+02
  0.27915769E+01 -0.69664431E+02
  0.28027406E+01 -0.69664443E+02
  0.28139043E+01 -0.69664451E+02
  0.28250681E+01 -0.69664456E+02
  0.28362318E+01 -0.69664457E+02
  0.28474075E+01 -0.69664485E+02
  0.28585831E+01 -0.69664567E+02
  0.28697588E+01 -0.69664705E+02
  0.28809344E+01 -0.69664896E+02
  0.28921101E+01 -0.69665140E+02
  0.29032857E+01 -0.69665437E+02
  0.29144614E+01 -0.69665784E+02
  0.29256370E+01 -0.69666180E+02
  0.29368127E+01 -0.69666624E+02
  0.29479883E+01 -0.69667114E+02
  0.29591640E+01 -0.69667647E+02
  0.29703396E+01 -0.69668220E+02
  0.29815153E+01 -0.69668832E+02
  0.29926910E+01 -0.69669480E+02
  0.30038666E+01 -0.69670161E+02
  0.30150423E+01 -0.69670871E+02
  0.30262179E+01 -0.69671607E+02
  0.30373936E+01 -0.69672366E+02
  0.30485692E+01 -0.69673145E+02
  0.30597449E+01 -0.69673940E+02
  0.30709205E+01 -0.69674746E+02
  0.30820962E+01 -0.69675561E+02
  0.30932718E+01 -0.69676381E+02
  0.31044475E+01 -0.69677201E+02
  0.31156231E+01 -0.69678017E+02
  0.31267988E+01 -0.69678826E+02
  0.31379745E+01 -0.69679623E+02
  0.31491501E+01 -0.69680404E+02
  0.31603258E+01 -0.69681166E+02
  0.31715014E+01 -0.69681904E+02
  0.31826771E+01 -0.69682614E+02
  0.31938527E+01 -0.69683293E+02
  0.32050284E+01 -0.69683937E+02
  0.32162040E+01 -0.69684541E+02
  0.32273797E+01 -0.69685103E+02
  0.32385553E+01 -0.69685618E+02
  0.32497310E+01 -0.69686084E+02
  0.32609066E+01 -0.69686497E+02
  0.32720823E+01 -0.69686853E+02
  0.32832580E+01 -0.69687151E+02
  0.32944336E+01 -0.69687387E+02
  0.33056093E+01 -0.69687558E+02
  0.33167849E+01 -0.69687663E+02
  0.33279606E+01 -0.69687699E+02
  0.33391362E+01 -0.69687664E+02
  0.33503119E+01 -0.69687557E+02
  0.33614875E+01 -0.69687375E+02
  0.33726632E+01 -0.69687118E+02
  0.33838388E+01 -0.69686785E+02
  0.33950145E+01 -0.69686374E+02
  0.34061901E+01 -0.69685887E+02
  0.34173658E+01 -0.69685322E+02
  0.34285415E+01 -0.69684684E+02
  0.34397171E+01 -0.69684091E+02
  0.34509264E+01 -0.69684085E+02
  0.34621356E+01 -0.69684070E+02
  0.34733449E+01 -0.69684045E+02
  0.34845541E+01 -0.69684009E+02
  0.34957634E+01 -0.69683963E+02
  0.35069726E+01 -0.69683908E+02
  0.35181819E+01 -0.69683842E+02
  0.35293911E+01 -0.69683766E+02
  0.35406004E+01 -0.69683681E+02
  0.35518096E+01 -0.69683586E+02
  0.35630189E+01 -0.69683481E+02
  0.35742281E+01 -0.69683366E+02
  0.35854374E+01 -0.69683242E+02
  0.35966466E+01 -0.69683109E+02
  0.36078559E+01 -0.69682967E+02
  0.36190651E+01 -0.69682816E+02
  0.36302744E+01 -0.69682656E+02
  0.36414836E+01 -0.69682488E+02
  0.36526929E+01 -0.69682311E+02
  0.36639021E+01 -0.69682126E+02
  0.36751114E+01 -0.69681932E+02
  0.36863206E+01 -0.69681731E+02
  0.36975299E+01 -0.69681523E+02
  0.37087391E+01 -0.69681307E+02
  0.37199484E+01 -0.69681084E+02
  0.37311576E+01 -0.69680854E+02
  0.37423669E+01 -0.69680617E+02
  0.37535761E+01 -0.69680374E+02
  0.37647854E+01 -0.69680125E+02
  0.37759946E+01 -0.69679870E+02
  0.37872039E+01 -0.69679610E+02
  0.37984131E+01 -0.69679345E+02
  0.38096224E+01 -0.69679074E+02
  0.38208317E+01 -0.69678799E+02
  0.38320409E+01 -0.69678520E+02
  0.38432502E+01 -0.69678236E+02
  0.38544594E+01 -0.69677949E+02
  0.38656687E+01 -0.69677659E+02
  0.38768779E+01 -0.69677366E+02
  0.38880872E+01 -0.69677069E+02
  0.38992964E+01 -0.69676771E+02
  0.39105057E+01 -0.69676471E+02
  0.39217149E+01 -0.69676169E+02
  0.39329242E+01 -0.69675865E+02
  0.39441334E+01 -0.69675561E+02
  0.39553427E+01 -0.69675256E+02
  0.39665519E+01 -0.69674951E+02
  0.39777612E+01 -0.69674646E+02
  0.39889704E+01 -0.69674341E+02
  0.40001797E+01 -0.69674037E+02
  0.40113889E+01 -0.69673735E+02
  0.40225982E+01 -0.69673434E+02
  0.40338074E+01 -0.69673135E+02
  0.40450167E+01 -0.69672838E+02
  0.40562259E+01 -0.69672543E+02
  0.40674352E+01 -0.69672252E+02
  0.40786444E+01 -0.69671964E+02
  0.40898537E+01 -0.69671680E+02
  0.41010629E+01 -0.69671399E+02
  0.41122722E+01 -0.69671123E+02
  0.41234814E+01 -0.69670851E+02
  0.41346907E+01 -0.69670585E+02
  0.41458999E+01 -0.69670323E+02
  0.41571092E+01 -0.69670068E+02
  0.41683184E+01 -0.69669817E+02
  0.41795277E+01 -0.69669573E+02
  0.41907369E+01 -0.69669335E+02
  0.42019462E+01 -0.69669104E+02
  0.42131554E+01 -0.69668879E+02
  0.42243647E+01 -0.69668662E+02
  0.42355740E+01 -0.69668451E+02
  0.42467832E+01 -0.69668247E+02
  0.42579925E+01 -0.69668051E+02
  0.42692017E+01 -0.69667862E+02
  0.42804110E+01 -0.69667681E+02
  0.42916202E+01 -0.69667506E+02
  0.43028295E+01 -0.69667340E+02
  0.43140387E+01 -0.69667181E+02
  0.43252480E+01 -0.69667029E+02
  0.43364572E+01 -0.69666884E+02
  0.43476665E+01 -0.69666746E+02
  0.43588757E+01 -0.69666615E+02
  0.43700850E+01 -0.69666491E+02
  0.43812942E+01 -0.69666373E+02
  0.43925035E+01 -0.69666262E+02
  0.44037127E+01 -0.69666156E+02
  0.44149220E+01 -0.69666056E+02
  0.44261312E+01 -0.69665961E+02
  0.44373405E+01 -0.69665872E+02
  0.44485497E+01 -0.69665787E+02
  0.44597590E+01 -0.69665706E+02
  0.44709682E+01 -0.69665629E+02
  0.44821775E+01 -0.69665556E+02
  0.44933867E+01 -0.69665487E+02
  0.45045960E+01 -0.69665420E+02
  0.45158052E+01 -0.69665356E+02
  0.45270145E+01 -0.69665296E+02
  0.45382237E+01 -0.69665237E+02
  0.45494330E+01 -0.69665181E+02
  0.45606422E+01 -0.69665127E+02
  0.45718515E+01 -0.69665076E+02
  0.45830607E+01 -0.69665026E+02
  0.45942700E+01 -0.69664979E+02
  0.46054792E+01 -0.69664933E+02
  0.46166885E+01 -0.69664891E+02
  0.46278977E+01 -0.69664850E+02
  0.46391070E+01 -0.69664813E+02
  0.46503163E+01 -0.69664778E+02
  0.46615255E+01 -0.69664746E+02
  0.46727348E+01 -0.69664718E+02
  0.46839440E+01 -0.69664693E+02
  0.46951533E+01 -0.69664672E+02
  0.47063625E+01 -0.69664655E+02
  0.47175718E+01 -0.69664642E+02
  0.47287810E+01 -0.69664634E+02
  0.47399567E+01 -0.69664665E+02
  0.47511323E+01 -0.69664710E+02
  0.47623080E+01 -0.69664734E+02
  0.47734836E+01 -0.69664729E+02
  0.47846593E+01 -0.69664694E+02
  0.47958349E+01 -0.69664628E+02
  0.48070106E+01 -0.69664532E+02
  0.48181862E+01 -0.69664406E+02
  0.48293619E+01 -0.69664251E+02
  0.48405375E+01 -0.69664068E+02
  0.48517132E+01 -0.69663858E+02
  0.48628889E+01 -0.69663622E+02
  0.48740645E+01 -0.69663361E+02
  0.48852402E+01 -0.69663078E+02
  0.48964158E+01 -0.69662772E+02
  0.49075915E+01 -0.69662447E+02
  0.49187671E+01 -0.69662103E+02
  0.49299428E+01 -0.69661741E+02
  0.49411184E+01 -0.69661364E+02
  0.49522941E+01 -0.69660974E+02
  0.49634697E+01 -0.69660571E+02
  0.49746454E+01 -0.69660159E+02
  0.49858210E+01 -0.69659737E+02
  0.49969967E+01 -0.69659309E+02
  0.50081724E+01 -0.69658875E+02
  0.50193480E+01 -0.69658438E+02
  0.50305237E+01 -0.69657999E+02
  0.50416993E+01 -0.69657561E+02
  0.50528750E+01 -0.69657123E+02
  0.50640506E+01 -0.69656689E+02
  0.50752263E+01 -0.69656259E+02
  0.50864019E+01 -0.69655836E+02
  0.50975776E+01 -0.69655420E+02
  0.51087532E+01 -0.69655014E+02
  0.51199289E+01 -0.69654618E+02
  0.51311045E+01 -0.69654233E+02
  0.51422802E+01 -0.69653862E+02
  0.51534559E+01 -0.69653506E+02
  0.51646315E+01 -0.69653164E+02
  0.51758072E+01 -0.69652840E+02
  0.51869828E+01 -0.69652533E+02
  0.51981585E+01 -0.69652245E+02
  0.52093341E+01 -0.69651977E+02
  0.52205098E+01 -0.69651728E+02
  0.52316854E+01 -0.69651502E+02
  0.52428611E+01 -0.69651297E+02
  0.52540367E+01 -0.69651114E+02
  0.52652124E+01 -0.69650955E+02
  0.52763880E+01 -0.69650820E+02
  0.52875637E+01 -0.69650708E+02
  0.52987394E+01 -0.69650621E+02
  0.53099150E+01 -0.69650559E+02
  0.53210907E+01 -0.69650521E+02
  0.53322663E+01 -0.69650509E+02
  
  0.00000000E+00 -0.69683807E+02
  0.11163733E-01 -0.69683802E+02
  0.22327465E-01 -0.69683787E+02
  0.33491198E-01 -0.69683762E+02
  0.44654930E-01 -0.69683726E+02
  0.55818663E-01 -0.69683681E+02
  0.66982395E-01 -0.69683626E+02
  0.78146128E-01 -0.69683560E+02
  0.89309860E-01 -0.69683485E+02
  0.10047359E+00 -0.69683401E+02
  0.11163733E+00 -0.69683306E+02
  0.12280106E+00 -0.69683202E+02
  0.13396479E+00 -0.69683089E+02
  0.14512852E+00 -0.69682966E+02
  0.15629226E+00 -0.69682834E+02
  0.16745599E+00 -0.69682693E+02
  0.17861972E+00 -0.69682543E+02
  0.18978345E+00 -0.69682385E+02
  0.20094719E+00 -0.69682217E+02
  0.21211092E+00 -0.69682042E+02
  0.22327465E+00 -0.69681858E+02
  0.23443838E+00 -0.69681667E+02
  0.24560212E+00 -0.69681467E+02
  0.25676585E+00 -0.69681260E+02
  0.26792958E+00 -0.69681046E+02
  0.27909331E+00 -0.69680825E+02
  0.29025705E+00 -0.69680597E+02
  0.30142078E+00 -0.69680362E+02
  0.31258451E+00 -0.69680122E+02
  0.32374824E+00 -0.69679875E+02
  0.33491198E+00 -0.69679622E+02
  0.34607571E+00 -0.69679364E+02
  0.35723944E+00 -0.69679101E+02
  0.36840317E+00 -0.69678833E+02
  0.37956691E+00 -0.69678561E+02
  0.39073064E+00 -0.69678284E+02
  0.40189437E+00 -0.69678004E+02
  0.41305810E+00 -0.69677720E+02
  0.42422184E+00 -0.69677433E+02
  0.43538557E+00 -0.69677143E+02
  0.44654930E+00 -0.69676851E+02
  0.45771303E+00 -0.69676556E+02
  0.46887677E+00 -0.69676260E+02
  0.48004050E+00 -0.69675962E+02
  0.49120423E+00 -0.69675663E+02
  0.50236796E+00 -0.69675364E+02
  0.51353170E+00 -0.69675064E+02
  0.52469543E+00 -0.69674765E+02
  0.53585916E+00 -0.69674466E+02
  0.54702289E+00 -0.69674168E+02
  0.55818663E+00 -0.69673872E+02
  0.56935036E+00 -0.69673577E+02
  0.58051409E+00 -0.69673284E+02
  0.59167782E+00 -0.69672994E+02
  0.60284156E+00 -0.69672706E+02
  0.61400529E+00 -0.69672422E+02
  0.62516902E+00 -0.69672142E+02
  0.63633275E+00 -0.69671866E+02
  0.64749649E+00 -0.69671594E+02
  0.65866022E+00 -0.69671328E+02
  0.66982395E+00 -0.69671067E+02
  0.68098768E+00 -0.69670811E+02
  0.69215142E+00 -0.69670562E+02
  0.70331515E+00 -0.69670319E+02
  0.71447888E+00 -0.69670083E+02
  0.72564261E+00 -0.69669854E+02
  0.73680635E+00 -0.69669632E+02
  0.74797008E+00 -0.69669418E+02
  0.75913381E+00 -0.69669213E+02
  0.77029754E+00 -0.69669016E+02
  0.78146128E+00 -0.69668827E+02
  0.79262501E+00 -0.69668647E+02
  0.80378874E+00 -0.69668476E+02
  0.81495247E+00 -0.69668315E+02
  0.82611621E+00 -0.69668162E+02
  0.83727994E+00 -0.69668019E+02
  0.84844367E+00 -0.69667885E+02
  0.85960740E+00 -0.69667760E+02
  0.87077114E+00 -0.69667644E+02
  0.88193487E+00 -0.69667537E+02
  0.89309860E+00 -0.69667440E+02
  0.90426233E+00 -0.69667350E+02
  0.91542607E+00 -0.69667269E+02
  0.92658980E+00 -0.69667196E+02
  0.93775353E+00 -0.69667131E+02
  0.94891726E+00 -0.69667072E+02
  0.96008100E+00 -0.69667021E+02
  0.97124473E+00 -0.69666975E+02
  0.98240846E+00 -0.69666936E+02
  0.99357219E+00 -0.69666902E+02
  0.10047359E+01 -0.69666873E+02
  0.10158997E+01 -0.69666848E+02
  0.10270634E+01 -0.69666828E+02
  0.10382271E+01 -0.69666810E+02
  0.10493909E+01 -0.69666796E+02
  0.10605546E+01 -0.69666785E+02
  0.10717183E+01 -0.69666776E+02
  0.10828821E+01 -0.69666770E+02
  0.10940458E+01 -0.69666765E+02
  0.11052095E+01 -0.69666763E+02
  0.11163733E+01 -0.69666762E+02
  0.11275489E+01 -0.69666711E+02
  0.11387246E+01 -0.69666587E+02
  0.11499002E+01 -0.69666417E+02
  0.11610759E+01 -0.69666210E+02
  0.11722515E+01 -0.69665968E+02
  0.11834272E+01 -0.69665693E+02
  0.11946028E+01 -0.69665386E+02
  0.12057785E+01 -0.69665047E+02
  0.12169541E+01 -0.69664678E+02
  0.12281298E+01 -0.69664280E+02
  0.12393054E+01 -0.69663854E+02
  0.12504811E+01 -0.69663401E+02
  0.12616567E+01 -0.69662923E+02
  0.12728324E+01 -0.69662419E+02
  0.12840081E+01 -0.69661893E+02
  0.12951837E+01 -0.69661345E+02
  0.13063594E+01 -0.69660777E+02
  0.13175350E+01 -0.69660191E+02
  0.13287107E+01 -0.69659588E+02
  0.13398863E+01 -0.69658969E+02
  0.13510620E+01 -0.69658337E+02
  0.13622376E+01 -0.69657694E+02
  0.13734133E+01 -0.69657040E+02
  0.13845889E+01 -0.69656379E+02
  0.13957646E+01 -0.69655712E+02
  0.14069402E+01 -0.69655041E+02
  0.14181159E+01 -0.69654368E+02
  0.14292916E+01 -0.69653696E+02
  0.14404672E+01 -0.69653025E+02
  0.14516429E+01 -0.69652358E+02
  0.14628185E+01 -0.69651698E+02
  0.14739942E+01 -0.69651045E+02
  0.14851698E+01 -0.69650403E+02
  0.14963455E+01 -0.69649774E+02
  0.15075211E+01 -0.69649158E+02
  0.15186968E+01 -0.69648560E+02
  0.15298724E+01 -0.69647979E+02
  0.15410481E+01 -0.69647419E+02
  0.15522237E+01 -0.69646881E+02
  0.15633994E+01 -0.69646368E+02
  0.15745751E+01 -0.69645881E+02
  0.15857507E+01 -0.69645422E+02
  0.15969264E+01 -0.69644995E+02
  0.16081020E+01 -0.69644612E+02
  0.16192777E+01 -0.69644455E+02
  0.16304533E+01 -0.69644482E+02
  0.16416290E+01 -0.69644535E+02
  0.16528046E+01 -0.69644603E+02
  0.16639803E+01 -0.69644684E+02
  0.16751559E+01 -0.69644773E+02
  0.16863316E+01 -0.69644863E+02
  0.16975072E+01 -0.69644944E+02
  0.17086829E+01 -0.69645002E+02
  0.17198586E+01 -0.69645023E+02
  0.17310223E+01 -0.69645028E+02
  0.17421860E+01 -0.69645043E+02
  0.17533498E+01 -0.69645069E+02
  0.17645135E+01 -0.69645104E+02
  0.17756772E+01 -0.69645148E+02
  0.17868409E+01 -0.69645203E+02
  0.17980047E+01 -0.69645266E+02
  0.18091684E+01 -0.69645339E+02
  0.18203321E+01 -0.69645420E+02
  0.18314959E+01 -0.69645510E+02
  0.18426596E+01 -0.69645608E+02
  0.18538233E+01 -0.69645714E+02
  0.18649871E+01 -0.69645828E+02
  0.18761508E+01 -0.69645950E+02
  0.18873145E+01 -0.69646078E+02
  0.18984783E+01 -0.69646213E+02
  0.19096420E+01 -0.69646354E+02
  0.19208057E+01 -0.69646502E+02
  0.19319695E+01 -0.69646655E+02
  0.19431332E+01 -0.69646813E+02
  0.19542969E+01 -0.69646976E+02
  0.19654607E+01 -0.69647144E+02
  0.19766244E+01 -0.69647317E+02
  0.19877881E+01 -0.69647493E+02
  0.19989519E+01 -0.69647673E+02
  0.20101156E+01 -0.69647856E+02
  0.20212793E+01 -0.69648043E+02
  0.20324431E+01 -0.69648232E+02
  0.20436068E+01 -0.69648424E+02
  0.20547705E+01 -0.69648618E+02
  0.20659343E+01 -0.69648814E+02
  0.20770980E+01 -0.69649011E+02
  0.20882617E+01 -0.69649210E+02
  0.20994255E+01 -0.69649410E+02
  0.21105892E+01 -0.69649611E+02
  0.21217529E+01 -0.69649813E+02
  0.21329167E+01 -0.69650015E+02
  0.21440804E+01 -0.69650218E+02
  0.21552441E+01 -0.69650420E+02
  0.21664079E+01 -0.69650622E+02
  0.21775716E+01 -0.69650824E+02
  0.21887353E+01 -0.69651026E+02
  0.21998991E+01 -0.69651226E+02
  0.22110628E+01 -0.69651426E+02
  0.22222265E+01 -0.69651624E+02
  0.22333902E+01 -0.69651822E+02
  0.22445540E+01 -0.69652017E+02
  0.22557177E+01 -0.69652212E+02
  0.22668814E+01 -0.69652404E+02
  0.22780452E+01 -0.69652594E+02
  0.22892089E+01 -0.69652783E+02
  0.23003726E+01 -0.69652969E+02
  0.23115364E+01 -0.69653153E+02
  0.23227001E+01 -0.69653335E+02
  0.23338638E+01 -0.69653513E+02
  0.23450276E+01 -0.69653690E+02
  0.23561913E+01 -0.69653863E+02
  0.23673550E+01 -0.69654034E+02
  0.23785188E+01 -0.69654201E+02
  0.23896825E+01 -0.69654365E+02
  0.24008462E+01 -0.69654527E+02
  0.24120100E+01 -0.69654684E+02
  0.24231737E+01 -0.69654839E+02
  0.24343374E+01 -0.69654990E+02
  0.24455012E+01 -0.69655137E+02
  0.24566649E+01 -0.69655281E+02
  0.24678286E+01 -0.69655422E+02
  0.24789924E+01 -0.69655558E+02
  0.24901561E+01 -0.69655691E+02
  0.25013198E+01 -0.69655820E+02
  0.25124836E+01 -0.69655945E+02
  0.25236473E+01 -0.69656066E+02
  0.25348110E+01 -0.69656183E+02
  0.25459748E+01 -0.69656296E+02
  0.25571385E+01 -0.69656405E+02
  0.25683022E+01 -0.69656510E+02
  0.25794660E+01 -0.69656611E+02
  0.25906297E+01 -0.69656707E+02
  0.26017934E+01 -0.69656800E+02
  0.26129572E+01 -0.69656888E+02
  0.26241209E+01 -0.69656972E+02
  0.26352846E+01 -0.69657052E+02
  0.26464484E+01 -0.69657127E+02
  0.26576121E+01 -0.69657199E+02
  0.26687758E+01 -0.69657266E+02
  0.26799395E+01 -0.69657328E+02
  0.26911033E+01 -0.69657387E+02
  0.27022670E+01 -0.69657441E+02
  0.27134307E+01 -0.69657491E+02
  0.27245945E+01 -0.69657537E+02
  0.27357582E+01 -0.69657578E+02
  0.27469219E+01 -0.69657615E+02
  0.27580857E+01 -0.69657648E+02
  0.27692494E+01 -0.69657678E+02
  0.27804131E+01 -0.69657704E+02
  0.27915769E+01 -0.69657729E+02
  0.28027406E+01 -0.69657755E+02
  0.28139043E+01 -0.69657779E+02
  0.28250681E+01 -0.69657796E+02
  0.28362318E+01 -0.69657801E+02
  0.28474075E+01 -0.69657764E+02
  0.28585831E+01 -0.69657652E+02
  0.28697588E+01 -0.69657466E+02
  0.28809344E+01 -0.69657206E+02
  0.28921101E+01 -0.69656873E+02
  0.29032857E+01 -0.69656468E+02
  0.29144614E+01 -0.69655992E+02
  0.29256370E+01 -0.69655447E+02
  0.29368127E+01 -0.69654834E+02
  0.29479883E+01 -0.69654155E+02
  0.29591640E+01 -0.69653412E+02
  0.29703396E+01 -0.69652607E+02
  0.29815153E+01 -0.69651743E+02
  0.29926910E+01 -0.69650821E+02
  0.30038666E+01 -0.69649845E+02
  0.30150423E+01 -0.69648818E+02
  0.30262179E+01 -0.69647742E+02
  0.30373936E+01 -0.69646620E+02
  0.30485692E+01 -0.69645456E+02
  0.30597449E+01 -0.69644253E+02
  0.30709205E+01 -0.69643015E+02
  0.30820962E+01 -0.69641744E+02
  0.30932718E+01 -0.69640446E+02
  0.31044475E+01 -0.69639124E+02
  0.31156231E+01 -0.69638925E+02
  0.31267988E+01 -0.69640759E+02
  0.31379745E+01 -0.69642617E+02
  0.31491501E+01 -0.69644490E+02
  0.31603258E+01 -0.69646374E+02
  0.31715014E+01 -0.69648264E+02
  0.31826771E+01 -0.69650154E+02
  0.31938527E+01 -0.69652041E+02
  0.32050284E+01 -0.69653918E+02
  0.32162040E+01 -0.69655782E+02
  0.32273797E+01 -0.69657628E+02
  0.32385553E+01 -0.69659450E+02
  0.32497310E+01 -0.69661245E+02
  0.32609066E+01 -0.69663008E+02
  0.32720823E+01 -0.69664734E+02
  0.32832580E+01 -0.69666421E+02
  0.32944336E+01 -0.69668063E+02
  0.33056093E+01 -0.69669657E+02
  0.33167849E+01 -0.69671200E+02
  0.33279606E+01 -0.69672687E+02
  0.33391362E+01 -0.69674116E+02
  0.33503119E+01 -0.69675484E+02
  0.33614875E+01 -0.69676788E+02
  0.33726632E+01 -0.69678026E+02
  0.33838388E+01 -0.69679195E+02
  0.33950145E+01 -0.69680292E+02
  0.34061901E+01 -0.69681317E+02
  0.34173658E+01 -0.69682266E+02
  0.34285415E+01 -0.69683136E+02
  0.34397171E+01 -0.69683807E+02
  0.34509264E+01 -0.69683802E+02
  0.34621356E+01 -0.69683787E+02
  0.34733449E+01 -0.69683761E+02
  0.34845541E+01 -0.69683726E+02
  0.34957634E+01 -0.69683680E+02
  0.35069726E+01 -0.69683624E+02
  0.35181819E+01 -0.69683558E+02
  0.35293911E+01 -0.69683483E+02
  0.35406004E+01 -0.69683397E+02
  0.35518096E+01 -0.69683302E+02
  0.35630189E+01 -0.69683197E+02
  0.35742281E+01 -0.69683083E+02
  0.35854374E+01 -0.69682959E+02
  0.35966466E+01 -0.69682826E+02
  0.36078559E+01 -0.69682684E+02
  0.36190651E+01 -0.69682533E+02
  0.36302744E+01 -0.69682373E+02
  0.36414836E+01 -0.69682204E+02
  0.36526929E+01 -0.69682027E+02
  0.36639021E+01 -0.69681842E+02
  0.36751114E+01 -0.69681649E+02
  0.36863206E+01 -0.69681448E+02
  0.36975299E+01 -0.69681239E+02
  0.37087391E+01 -0.69681024E+02
  0.37199484E+01 -0.69680801E+02
  0.37311576E+01 -0.69680571E+02
  0.37423669E+01 -0.69680334E+02
  0.37535761E+01 -0.69680091E+02
  0.37647854E+01 -0.69679842E+02
  0.37759946E+01 -0.69679588E+02
  0.37872039E+01 -0.69679327E+02
  0.37984131E+01 -0.69679062E+02
  0.38096224E+01 -0.69678792E+02
  0.38208317E+01 -0.69678517E+02
  0.38320409E+01 -0.69678237E+02
  0.38432502E+01 -0.69677954E+02
  0.38544594E+01 -0.69677667E+02
  0.38656687E+01 -0.69677377E+02
  0.38768779E+01 -0.69677084E+02
  0.38880872E+01 -0.69676788E+02
  0.38992964E+01 -0.69676490E+02
  0.39105057E+01 -0.69676189E+02
  0.39217149E+01 -0.69675887E+02
  0.39329242E+01 -0.69675584E+02
  0.39441334E+01 -0.69675280E+02
  0.39553427E+01 -0.69674975E+02
  0.39665519E+01 -0.69674670E+02
  0.39777612E+01 -0.69674366E+02
  0.39889704E+01 -0.69674061E+02
  0.40001797E+01 -0.69673758E+02
  0.40113889E+01 -0.69673456E+02
  0.40225982E+01 -0.69673155E+02
  0.40338074E+01 -0.69672856E+02
  0.40450167E+01 -0.69672560E+02
  0.40562259E+01 -0.69672266E+02
  0.40674352E+01 -0.69671975E+02
  0.40786444E+01 -0.69671687E+02
  0.40898537E+01 -0.69671403E+02
  0.41010629E+01 -0.69671123E+02
  0.41122722E+01 -0.69670848E+02
  0.41234814E+01 -0.69670577E+02
  0.41346907E+01 -0.69670311E+02
  0.41458999E+01 -0.69670050E+02
  0.41571092E+01 -0.69669795E+02
  0.41683184E+01 -0.69669546E+02
  0.41795277E+01 -0.69669302E+02
  0.41907369E+01 -0.69669065E+02
  0.42019462E+01 -0.69668835E+02
  0.42131554E+01 -0.69668611E+02
  0.42243647E+01 -0.69668395E+02
  0.42355740E+01 -0.69668185E+02
  0.42467832E+01 -0.69667983E+02
  0.42579925E+01 -0.69667788E+02
  0.42692017E+01 -0.69667600E+02
  0.42804110E+01 -0.69667420E+02
  0.42916202E+01 -0.69667247E+02
  0.43028295E+01 -0.69667082E+02
  0.43140387E+01 -0.69666924E+02
  0.43252480E+01 -0.69666774E+02
  0.43364572E+01 -0.69666630E+02
  0.43476665E+01 -0.69666494E+02
  0.43588757E+01 -0.69666365E+02
  0.43700850E+01 -0.69666242E+02
  0.43812942E+01 -0.69666126E+02
  0.43925035E+01 -0.69666016E+02
  0.44037127E+01 -0.69665912E+02
  0.44149220E+01 -0.69665814E+02
  0.44261312E+01 -0.69665721E+02
  0.44373405E+01 -0.69665633E+02
  0.44485497E+01 -0.69665549E+02
  0.44597590E+01 -0.69665470E+02
  0.44709682E+01 -0.69665395E+02
  0.44821775E+01 -0.69665323E+02
  0.44933867E+01 -0.69665255E+02
  0.45045960E+01 -0.69665189E+02
  0.45158052E+01 -0.69665127E+02
  0.45270145E+01 -0.69665067E+02
  0.45382237E+01 -0.69665010E+02
  0.45494330E+01 -0.69664954E+02
  0.45606422E+01 -0.69664901E+02
  0.45718515E+01 -0.69664850E+02
  0.45830607E+01 -0.69664801E+02
  0.45942700E+01 -0.69664754E+02
  0.46054792E+01 -0.69664709E+02
  0.46166885E+01 -0.69664667E+02
  0.46278977E+01 -0.69664626E+02
  0.46391070E+01 -0.69664589E+02
  0.46503163E+01 -0.69664554E+02
  0.46615255E+01 -0.69664522E+02
  0.46727348E+01 -0.69664493E+02
  0.46839440E+01 -0.69664468E+02
  0.46951533E+01 -0.69664447E+02
  0.47063625E+01 -0.69664430E+02
  0.47175718E+01 -0.69664417E+02
  0.47287810E+01 -0.69664409E+02
  0.47399567E+01 -0.69664344E+02
  0.47511323E+01 -0.69664201E+02
  0.47623080E+01 -0.69664013E+02
  0.47734836E+01 -0.69663790E+02
  0.47846593E+01 -0.69663533E+02
  0.47958349E+01 -0.69663245E+02
  0.48070106E+01 -0.69662926E+02
  0.48181862E+01 -0.69662578E+02
  0.48293619E+01 -0.69662203E+02
  0.48405375E+01 -0.69661800E+02
  0.48517132E+01 -0.69661373E+02
  0.48628889E+01 -0.69660923E+02
  0.48740645E+01 -0.69660450E+02
  0.48852402E+01 -0.69659958E+02
  0.48964158E+01 -0.69659447E+02
  0.49075915E+01 -0.69658921E+02
  0.49187671E+01 -0.69658381E+02
  0.49299428E+01 -0.69657829E+02
  0.49411184E+01 -0.69657267E+02
  0.49522941E+01 -0.69656698E+02
  0.49634697E+01 -0.69656125E+02
  0.49746454E+01 -0.69655548E+02
  0.49858210E+01 -0.69654971E+02
  0.49969967E+01 -0.69654396E+02
  0.50081724E+01 -0.69653823E+02
  0.50193480E+01 -0.69653255E+02
  0.50305237E+01 -0.69652694E+02
  0.50416993E+01 -0.69652140E+02
  0.50528750E+01 -0.69651595E+02
  0.50640506E+01 -0.69651059E+02
  0.50752263E+01 -0.69650534E+02
  0.50864019E+01 -0.69650021E+02
  0.50975776E+01 -0.69649520E+02
  0.51087532E+01 -0.69649032E+02
  0.51199289E+01 -0.69648559E+02
  0.51311045E+01 -0.69648101E+02
  0.51422802E+01 -0.69647660E+02
  0.51534559E+01 -0.69647237E+02
  0.51646315E+01 -0.69646832E+02
  0.51758072E+01 -0.69646446E+02
  0.51869828E+01 -0.69646082E+02
  0.51981585E+01 -0.69645740E+02
  0.52093341E+01 -0.69645421E+02
  0.52205098E+01 -0.69645125E+02
  0.52316854E+01 -0.69644855E+02
  0.52428611E+01 -0.69644611E+02
  0.52540367E+01 -0.69644393E+02
  0.52652124E+01 -0.69644203E+02
  0.52763880E+01 -0.69644041E+02
  0.52875637E+01 -0.69643908E+02
  0.52987394E+01 -0.69643804E+02
  0.53099150E+01 -0.69643729E+02
  0.53210907E+01 -0.69643684E+02
  0.53322663E+01 -0.69643669E+02
  
  0.00000000E+00 -0.69605688E+02
  0.11163733E-01 -0.69605732E+02
  0.22327465E-01 -0.69605819E+02
  0.33491198E-01 -0.69605929E+02
  0.44654930E-01 -0.69606059E+02
  0.55818663E-01 -0.69606211E+02
  0.66982395E-01 -0.69606382E+02
  0.78146128E-01 -0.69606573E+02
  0.89309860E-01 -0.69606783E+02
  0.10047359E+00 -0.69607013E+02
  0.11163733E+00 -0.69607263E+02
  0.12280106E+00 -0.69607531E+02
  0.13396479E+00 -0.69607818E+02
  0.14512852E+00 -0.69608124E+02
  0.15629226E+00 -0.69608448E+02
  0.16745599E+00 -0.69608790E+02
  0.17861972E+00 -0.69609149E+02
  0.18978345E+00 -0.69609526E+02
  0.20094719E+00 -0.69609920E+02
  0.21211092E+00 -0.69610331E+02
  0.22327465E+00 -0.69610758E+02
  0.23443838E+00 -0.69611201E+02
  0.24560212E+00 -0.69611660E+02
  0.25676585E+00 -0.69612133E+02
  0.26792958E+00 -0.69612621E+02
  0.27909331E+00 -0.69613123E+02
  0.29025705E+00 -0.69613639E+02
  0.30142078E+00 -0.69614168E+02
  0.31258451E+00 -0.69614710E+02
  0.32374824E+00 -0.69615264E+02
  0.33491198E+00 -0.69615829E+02
  0.34607571E+00 -0.69616406E+02
  0.35723944E+00 -0.69616992E+02
  0.36840317E+00 -0.69617589E+02
  0.37956691E+00 -0.69618195E+02
  0.39073064E+00 -0.69618810E+02
  0.40189437E+00 -0.69619433E+02
  0.41305810E+00 -0.69620063E+02
  0.42422184E+00 -0.69620700E+02
  0.43538557E+00 -0.69621343E+02
  0.44654930E+00 -0.69621991E+02
  0.45771303E+00 -0.69622645E+02
  0.46887677E+00 -0.69623302E+02
  0.48004050E+00 -0.69623963E+02
  0.49120423E+00 -0.69624626E+02
  0.50236796E+00 -0.69625292E+02
  0.51353170E+00 -0.69625959E+02
  0.52469543E+00 -0.69626626E+02
  0.53585916E+00 -0.69627293E+02
  0.54702289E+00 -0.69627960E+02
  0.55818663E+00 -0.69628624E+02
  0.56935036E+00 -0.69629287E+02
  0.58051409E+00 -0.69629946E+02
  0.59167782E+00 -0.69630601E+02
  0.60284156E+00 -0.69631252E+02
  0.61400529E+00 -0.69631898E+02
  0.62516902E+00 -0.69632538E+02
  0.63633275E+00 -0.69633170E+02
  0.64749649E+00 -0.69633796E+02
  0.65866022E+00 -0.69634413E+02
  0.66982395E+00 -0.69635021E+02
  0.68098768E+00 -0.69635619E+02
  0.69215142E+00 -0.69636207E+02
  0.70331515E+00 -0.69636784E+02
  0.71447888E+00 -0.69637350E+02
  0.72564261E+00 -0.69637903E+02
  0.73680635E+00 -0.69638443E+02
  0.74797008E+00 -0.69638969E+02
  0.75913381E+00 -0.69639482E+02
  0.77029754E+00 -0.69639979E+02
  0.78146128E+00 -0.69640462E+02
  0.79262501E+00 -0.69640928E+02
  0.80378874E+00 -0.69641379E+02
  0.81495247E+00 -0.69641813E+02
  0.82611621E+00 -0.69642230E+02
  0.83727994E+00 -0.69642629E+02
  0.84844367E+00 -0.69643012E+02
  0.85960740E+00 -0.69643377E+02
  0.87077114E+00 -0.69643723E+02
  0.88193487E+00 -0.69644052E+02
  0.89309860E+00 -0.69644364E+02
  0.90426233E+00 -0.69644657E+02
  0.91542607E+00 -0.69644932E+02
  0.92658980E+00 -0.69645190E+02
  0.93775353E+00 -0.69645431E+02
  0.94891726E+00 -0.69645654E+02
  0.96008100E+00 -0.69645861E+02
  0.97124473E+00 -0.69646051E+02
  0.98240846E+00 -0.69646225E+02
  0.99357219E+00 -0.69646383E+02
  0.10047359E+01 -0.69646525E+02
  0.10158997E+01 -0.69646653E+02
  0.10270634E+01 -0.69646765E+02
  0.10382271E+01 -0.69646864E+02
  0.10493909E+01 -0.69646949E+02
  0.10605546E+01 -0.69647020E+02
  0.10717183E+01 -0.69647077E+02
  0.10828821E+01 -0.69647122E+02
  0.10940458E+01 -0.69647154E+02
  0.11052095E+01 -0.69647173E+02
  0.11163733E+01 -0.69647179E+02
  0.11275489E+01 -0.69647311E+02
  0.11387246E+01 -0.69647456E+02
  0.11499002E+01 -0.69647583E+02
  0.11610759E+01 -0.69647692E+02
  0.11722515E+01 -0.69647781E+02
  0.11834272E+01 -0.69647851E+02
  0.11946028E+01 -0.69647902E+02
  0.12057785E+01 -0.69647936E+02
  0.12169541E+01 -0.69647951E+02
  0.12281298E+01 -0.69647949E+02
  0.12393054E+01 -0.69647931E+02
  0.12504811E+01 -0.69647896E+02
  0.12616567E+01 -0.69647846E+02
  0.12728324E+01 -0.69647782E+02
  0.12840081E+01 -0.69647703E+02
  0.12951837E+01 -0.69647612E+02
  0.13063594E+01 -0.69647509E+02
  0.13175350E+01 -0.69647395E+02
  0.13287107E+01 -0.69647271E+02
  0.13398863E+01 -0.69647138E+02
  0.13510620E+01 -0.69646998E+02
  0.13622376E+01 -0.69646850E+02
  0.13734133E+01 -0.69646698E+02
  0.13845889E+01 -0.69646542E+02
  0.13957646E+01 -0.69646382E+02
  0.14069402E+01 -0.69646221E+02
  0.14181159E+01 -0.69646059E+02
  0.14292916E+01 -0.69645899E+02
  0.14404672E+01 -0.69645740E+02
  0.14516429E+01 -0.69645585E+02
  0.14628185E+01 -0.69645434E+02
  0.14739942E+01 -0.69645290E+02
  0.14851698E+01 -0.69645152E+02
  0.14963455E+01 -0.69645023E+02
  0.15075211E+01 -0.69644903E+02
  0.15186968E+01 -0.69644793E+02
  0.15298724E+01 -0.69644695E+02
  0.15410481E+01 -0.69644610E+02
  0.15522237E+01 -0.69644538E+02
  0.15633994E+01 -0.69644480E+02
  0.15745751E+01 -0.69644437E+02
  0.15857507E+01 -0.69644409E+02
  0.15969264E+01 -0.69644396E+02
  0.16081020E+01 -0.69644386E+02
  0.16192777E+01 -0.69644199E+02
  0.16304533E+01 -0.69643879E+02
  0.16416290E+01 -0.69643585E+02
  0.16528046E+01 -0.69643327E+02
  0.16639803E+01 -0.69643106E+02
  0.16751559E+01 -0.69642923E+02
  0.16863316E+01 -0.69642780E+02
  0.16975072E+01 -0.69642678E+02
  0.17086829E+01 -0.69642616E+02
  0.17198586E+01 -0.69642595E+02
  0.17310223E+01 -0.69642555E+02
  0.17421860E+01 -0.69642437E+02
  0.17533498E+01 -0.69642253E+02
  0.17645135E+01 -0.69642015E+02
  0.17756772E+01 -0.69641734E+02
  0.17868409E+01 -0.69641421E+02
  0.17980047E+01 -0.69641083E+02
  0.18091684E+01 -0.69640726E+02
  0.18203321E+01 -0.69640354E+02
  0.18314959E+01 -0.69639970E+02
  0.18426596E+01 -0.69639576E+02
  0.18538233E+01 -0.69639173E+02
  0.18649871E+01 -0.69638764E+02
  0.18761508E+01 -0.69638350E+02
  0.18873145E+01 -0.69637930E+02
  0.18984783E+01 -0.69637506E+02
  0.19096420E+01 -0.69637079E+02
  0.19208057E+01 -0.69636649E+02
  0.19319695E+01 -0.69636216E+02
  0.19431332E+01 -0.69635781E+02
  0.19542969E+01 -0.69635345E+02
  0.19654607E+01 -0.69634907E+02
  0.19766244E+01 -0.69634467E+02
  0.19877881E+01 -0.69634028E+02
  0.19989519E+01 -0.69633594E+02
  0.20101156E+01 -0.69633754E+02
  0.20212793E+01 -0.69634148E+02
  0.20324431E+01 -0.69634552E+02
  0.20436068E+01 -0.69634966E+02
  0.20547705E+01 -0.69635386E+02
  0.20659343E+01 -0.69635813E+02
  0.20770980E+01 -0.69636245E+02
  0.20882617E+01 -0.69636683E+02
  0.20994255E+01 -0.69637125E+02
  0.21105892E+01 -0.69637570E+02
  0.21217529E+01 -0.69638019E+02
  0.21329167E+01 -0.69638471E+02
  0.21440804E+01 -0.69638925E+02
  0.21552441E+01 -0.69639381E+02
  0.21664079E+01 -0.69639838E+02
  0.21775716E+01 -0.69640297E+02
  0.21887353E+01 -0.69640756E+02
  0.21998991E+01 -0.69641216E+02
  0.22110628E+01 -0.69641675E+02
  0.22222265E+01 -0.69642134E+02
  0.22333902E+01 -0.69642592E+02
  0.22445540E+01 -0.69643049E+02
  0.22557177E+01 -0.69643505E+02
  0.22668814E+01 -0.69643958E+02
  0.22780452E+01 -0.69644410E+02
  0.22892089E+01 -0.69644858E+02
  0.23003726E+01 -0.69645304E+02
  0.23115364E+01 -0.69645747E+02
  0.23227001E+01 -0.69646186E+02
  0.23338638E+01 -0.69646621E+02
  0.23450276E+01 -0.69647051E+02
  0.23561913E+01 -0.69647478E+02
  0.23673550E+01 -0.69647899E+02
  0.23785188E+01 -0.69648315E+02
  0.23896825E+01 -0.69648726E+02
  0.24008462E+01 -0.69649130E+02
  0.24120100E+01 -0.69649529E+02
  0.24231737E+01 -0.69649921E+02
  0.24343374E+01 -0.69650307E+02
  0.24455012E+01 -0.69650685E+02
  0.24566649E+01 -0.69651057E+02
  0.24678286E+01 -0.69651420E+02
  0.24789924E+01 -0.69651776E+02
  0.24901561E+01 -0.69652124E+02
  0.25013198E+01 -0.69652464E+02
  0.25124836E+01 -0.69652795E+02
  0.25236473E+01 -0.69653117E+02
  0.25348110E+01 -0.69653430E+02
  0.25459748E+01 -0.69653734E+02
  0.25571385E+01 -0.69654028E+02
  0.25683022E+01 -0.69654312E+02
  0.25794660E+01 -0.69654587E+02
  0.25906297E+01 -0.69654851E+02
  0.26017934E+01 -0.69655105E+02
  0.26129572E+01 -0.69655349E+02
  0.26241209E+01 -0.69655582E+02
  0.26352846E+01 -0.69655804E+02
  0.26464484E+01 -0.69656015E+02
  0.26576121E+01 -0.69656214E+02
  0.26687758E+01 -0.69656403E+02
  0.26799395E+01 -0.69656580E+02
  0.26911033E+01 -0.69656745E+02
  0.27022670E+01 -0.69656898E+02
  0.27134307E+01 -0.69657040E+02
  0.27245945E+01 -0.69657169E+02
  0.27357582E+01 -0.69657286E+02
  0.27469219E+01 -0.69657391E+02
  0.27580857E+01 -0.69657484E+02
  0.27692494E+01 -0.69657564E+02
  0.27804131E+01 -0.69657630E+02
  0.27915769E+01 -0.69657681E+02
  0.28027406E+01 -0.69657713E+02
  0.28139043E+01 -0.69657731E+02
  0.28250681E+01 -0.69657740E+02
  0.28362318E+01 -0.69657743E+02
  0.28474075E+01 -0.69657706E+02
  0.28585831E+01 -0.69657594E+02
  0.28697588E+01 -0.69657408E+02
  0.28809344E+01 -0.69657148E+02
  0.28921101E+01 -0.69656815E+02
  0.29032857E+01 -0.69656410E+02
  0.29144614E+01 -0.69655934E+02
  0.29256370E+01 -0.69655389E+02
  0.29368127E+01 -0.69654776E+02
  0.29479883E+01 -0.69654097E+02
  0.29591640E+01 -0.69653353E+02
  0.29703396E+01 -0.69652548E+02
  0.29815153E+01 -0.69651684E+02
  0.29926910E+01 -0.69650762E+02
  0.30038666E+01 -0.69649786E+02
  0.30150423E+01 -0.69648758E+02
  0.30262179E+01 -0.69647681E+02
  0.30373936E+01 -0.69646560E+02
  0.30485692E+01 -0.69645395E+02
  0.30597449E+01 -0.69644192E+02
  0.30709205E+01 -0.69642953E+02
  0.30820962E+01 -0.69641683E+02
  0.30932718E+01 -0.69640384E+02
  0.31044475E+01 -0.69639060E+02
  0.31156231E+01 -0.69637774E+02
  0.31267988E+01 -0.69636415E+02
  0.31379745E+01 -0.69635040E+02
  0.31491501E+01 -0.69633656E+02
  0.31603258E+01 -0.69632266E+02
  0.31715014E+01 -0.69630874E+02
  0.31826771E+01 -0.69629483E+02
  0.31938527E+01 -0.69628099E+02
  0.32050284E+01 -0.69626724E+02
  0.32162040E+01 -0.69625363E+02
  0.32273797E+01 -0.69624018E+02
  0.32385553E+01 -0.69622693E+02
  0.32497310E+01 -0.69621393E+02
  0.32609066E+01 -0.69620120E+02
  0.32720823E+01 -0.69618877E+02
  0.32832580E+01 -0.69617668E+02
  0.32944336E+01 -0.69616495E+02
  0.33056093E+01 -0.69615362E+02
  0.33167849E+01 -0.69614272E+02
  0.33279606E+01 -0.69613226E+02
  0.33391362E+01 -0.69612227E+02
  0.33503119E+01 -0.69611278E+02
  0.33614875E+01 -0.69610381E+02
  0.33726632E+01 -0.69609537E+02
  0.33838388E+01 -0.69608748E+02
  0.33950145E+01 -0.69608016E+02
  0.34061901E+01 -0.69607342E+02
  0.34173658E+01 -0.69606727E+02
  0.34285415E+01 -0.69606172E+02
  0.34397171E+01 -0.69605688E+02
  0.34509264E+01 -0.69605711E+02
  0.34621356E+01 -0.69605770E+02
  0.34733449E+01 -0.69605852E+02
  0.34845541E+01 -0.69605956E+02
  0.34957634E+01 -0.69606081E+02
  0.35069726E+01 -0.69606226E+02
  0.35181819E+01 -0.69606392E+02
  0.35293911E+01 -0.69606577E+02
  0.35406004E+01 -0.69606782E+02
  0.35518096E+01 -0.69607006E+02
  0.35630189E+01 -0.69607250E+02
  0.35742281E+01 -0.69607513E+02
  0.35854374E+01 -0.69607795E+02
  0.35966466E+01 -0.69608095E+02
  0.36078559E+01 -0.69608413E+02
  0.36190651E+01 -0.69608750E+02
  0.36302744E+01 -0.69609104E+02
  0.36414836E+01 -0.69609475E+02
  0.36526929E+01 -0.69609864E+02
  0.36639021E+01 -0.69610269E+02
  0.36751114E+01 -0.69610690E+02
  0.36863206E+01 -0.69611127E+02
  0.36975299E+01 -0.69611579E+02
  0.37087391E+01 -0.69612046E+02
  0.37199484E+01 -0.69612528E+02
  0.37311576E+01 -0.69613024E+02
  0.37423669E+01 -0.69613533E+02
  0.37535761E+01 -0.69614056E+02
  0.37647854E+01 -0.69614591E+02
  0.37759946E+01 -0.69615138E+02
  0.37872039E+01 -0.69615696E+02
  0.37984131E+01 -0.69616266E+02
  0.38096224E+01 -0.69616845E+02
  0.38208317E+01 -0.69617435E+02
  0.38320409E+01 -0.69618034E+02
  0.38432502E+01 -0.69618642E+02
  0.38544594E+01 -0.69619257E+02
  0.38656687E+01 -0.69619881E+02
  0.38768779E+01 -0.69620511E+02
  0.38880872E+01 -0.69621148E+02
  0.38992964E+01 -0.69621790E+02
  0.39105057E+01 -0.69622438E+02
  0.39217149E+01 -0.69623090E+02
  0.39329242E+01 -0.69623746E+02
  0.39441334E+01 -0.69624405E+02
  0.39553427E+01 -0.69625068E+02
  0.39665519E+01 -0.69625732E+02
  0.39777612E+01 -0.69626398E+02
  0.39889704E+01 -0.69627065E+02
  0.40001797E+01 -0.69627733E+02
  0.40113889E+01 -0.69628401E+02
  0.40225982E+01 -0.69629068E+02
  0.40338074E+01 -0.69629734E+02
  0.40450167E+01 -0.69630398E+02
  0.40562259E+01 -0.69631060E+02
  0.40674352E+01 -0.69631719E+02
  0.40786444E+01 -0.69632376E+02
  0.40898537E+01 -0.69633028E+02
  0.41010629E+01 -0.69633677E+02
  0.41122722E+01 -0.69634321E+02
  0.41234814E+01 -0.69634961E+02
  0.41346907E+01 -0.69635595E+02
  0.41458999E+01 -0.69636224E+02
  0.41571092E+01 -0.69636847E+02
  0.41683184E+01 -0.69637463E+02
  0.41795277E+01 -0.69638073E+02
  0.41907369E+01 -0.69638677E+02
  0.42019462E+01 -0.69639273E+02
  0.42131554E+01 -0.69639862E+02
  0.42243647E+01 -0.69640443E+02
  0.42355740E+01 -0.69641016E+02
  0.42467832E+01 -0.69641581E+02
  0.42579925E+01 -0.69642138E+02
  0.42692017E+01 -0.69642687E+02
  0.42804110E+01 -0.69643226E+02
  0.42916202E+01 -0.69643757E+02
  0.43028295E+01 -0.69644279E+02
  0.43140387E+01 -0.69644792E+02
  0.43252480E+01 -0.69645295E+02
  0.43364572E+01 -0.69645788E+02
  0.43476665E+01 -0.69646272E+02
  0.43588757E+01 -0.69646745E+02
  0.43700850E+01 -0.69647209E+02
  0.43812942E+01 -0.69647662E+02
  0.43925035E+01 -0.69648104E+02
  0.44037127E+01 -0.69648535E+02
  0.44149220E+01 -0.69648956E+02
  0.44261312E+01 -0.69649365E+02
  0.44373405E+01 -0.69649764E+02
  0.44485497E+01 -0.69650150E+02
  0.44597590E+01 -0.69650525E+02
  0.44709682E+01 -0.69650888E+02
  0.44821775E+01 -0.69651238E+02
  0.44933867E+01 -0.69651577E+02
  0.45045960E+01 -0.69651903E+02
  0.45158052E+01 -0.69652216E+02
  0.45270145E+01 -0.69652516E+02
  0.45382237E+01 -0.69652803E+02
  0.45494330E+01 -0.69653077E+02
  0.45606422E+01 -0.69653337E+02
  0.45718515E+01 -0.69653583E+02
  0.45830607E+01 -0.69653815E+02
  0.45942700E+01 -0.69654032E+02
  0.46054792E+01 -0.69654235E+02
  0.46166885E+01 -0.69654424E+02
  0.46278977E+01 -0.69654597E+02
  0.46391070E+01 -0.69654754E+02
  0.46503163E+01 -0.69654896E+02
  0.46615255E+01 -0.69655022E+02
  0.46727348E+01 -0.69655133E+02
  0.46839440E+01 -0.69655227E+02
  0.46951533E+01 -0.69655304E+02
  0.47063625E+01 -0.69655366E+02
  0.47175718E+01 -0.69655411E+02
  0.47287810E+01 -0.69655439E+02
  0.47399567E+01 -0.69655636E+02
  0.47511323E+01 -0.69655808E+02
  0.47623080E+01 -0.69655947E+02
  0.47734836E+01 -0.69656051E+02
  0.47846593E+01 -0.69656121E+02
  0.47958349E+01 -0.69656156E+02
  0.48070106E+01 -0.69656157E+02
  0.48181862E+01 -0.69656124E+02
  0.48293619E+01 -0.69656057E+02
  0.48405375E+01 -0.69655957E+02
  0.48517132E+01 -0.69655823E+02
  0.48628889E+01 -0.69655658E+02
  0.48740645E+01 -0.69655461E+02
  0.48852402E+01 -0.69655233E+02
  0.48964158E+01 -0.69654976E+02
  0.49075915E+01 -0.69654690E+02
  0.49187671E+01 -0.69654375E+02
  0.49299428E+01 -0.69654035E+02
  0.49411184E+01 -0.69653669E+02
  0.49522941E+01 -0.69653278E+02
  0.49634697E+01 -0.69652865E+02
  0.49746454E+01 -0.69652431E+02
  0.49858210E+01 -0.69651976E+02
  0.49969967E+01 -0.69651505E+02
  0.50081724E+01 -0.69651017E+02
  0.50193480E+01 -0.69650516E+02
  0.50305237E+01 -0.69650004E+02
  0.50416993E+01 -0.69649484E+02
  0.50528750E+01 -0.69648958E+02
  0.50640506E+01 -0.69648429E+02
  0.50752263E+01 -0.69647900E+02
  0.50864019E+01 -0.69647374E+02
  0.50975776E+01 -0.69646854E+02
  0.51087532E+01 -0.69646341E+02
  0.51199289E+01 -0.69645840E+02
  0.51311045E+01 -0.69645351E+02
  0.51422802E+01 -0.69644877E+02
  0.51534559E+01 -0.69644421E+02
  0.51646315E+01 -0.69643983E+02
  0.51758072E+01 -0.69643567E+02
  0.51869828E+01 -0.69643172E+02
  0.51981585E+01 -0.69642802E+02
  0.52093341E+01 -0.69642456E+02
  0.52205098E+01 -0.69642136E+02
  0.52316854E+01 -0.69641844E+02
  0.52428611E+01 -0.69641580E+02
  0.52540367E+01 -0.69641346E+02
  0.52652124E+01 -0.69641141E+02
  0.52763880E+01 -0.69640966E+02
  0.52875637E+01 -0.69640823E+02
  0.52987394E+01 -0.69640711E+02
  0.53099150E+01 -0.69640631E+02
  0.53210907E+01 -0.69640582E+02
  0.53322663E+01 -0.69640566E+02
  
  0.00000000E+00 -0.69605669E+02
  0.11163733E-01 -0.69605713E+02
  0.22327465E-01 -0.69605800E+02
  0.33491198E-01 -0.69605910E+02
  0.44654930E-01 -0.69606040E+02
  0.55818663E-01 -0.69606192E+02
  0.66982395E-01 -0.69606363E+02
  0.78146128E-01 -0.69606554E+02
  0.89309860E-01 -0.69606764E+02
  0.10047359E+00 -0.69606994E+02
  0.11163733E+00 -0.69607244E+02
  0.12280106E+00 -0.69607512E+02
  0.13396479E+00 -0.69607799E+02
  0.14512852E+00 -0.69608105E+02
  0.15629226E+00 -0.69608429E+02
  0.16745599E+00 -0.69608771E+02
  0.17861972E+00 -0.69609130E+02
  0.18978345E+00 -0.69609507E+02
  0.20094719E+00 -0.69609901E+02
  0.21211092E+00 -0.69610312E+02
  0.22327465E+00 -0.69610739E+02
  0.23443838E+00 -0.69611182E+02
  0.24560212E+00 -0.69611640E+02
  0.25676585E+00 -0.69612114E+02
  0.26792958E+00 -0.69612602E+02
  0.27909331E+00 -0.69613104E+02
  0.29025705E+00 -0.69613620E+02
  0.30142078E+00 -0.69614149E+02
  0.31258451E+00 -0.69614690E+02
  0.32374824E+00 -0.69615244E+02
  0.33491198E+00 -0.69615810E+02
  0.34607571E+00 -0.69616386E+02
  0.35723944E+00 -0.69616973E+02
  0.36840317E+00 -0.69617569E+02
  0.37956691E+00 -0.69618175E+02
  0.39073064E+00 -0.69618790E+02
  0.40189437E+00 -0.69619413E+02
  0.41305810E+00 -0.69620043E+02
  0.42422184E+00 -0.69620680E+02
  0.43538557E+00 -0.69621322E+02
  0.44654930E+00 -0.69621971E+02
  0.45771303E+00 -0.69622624E+02
  0.46887677E+00 -0.69623281E+02
  0.48004050E+00 -0.69623942E+02
  0.49120423E+00 -0.69624605E+02
  0.50236796E+00 -0.69625271E+02
  0.51353170E+00 -0.69625937E+02
  0.52469543E+00 -0.69626604E+02
  0.53585916E+00 -0.69627271E+02
  0.54702289E+00 -0.69627937E+02
  0.55818663E+00 -0.69628602E+02
  0.56935036E+00 -0.69629264E+02
  0.58051409E+00 -0.69629923E+02
  0.59167782E+00 -0.69630578E+02
  0.60284156E+00 -0.69631228E+02
  0.61400529E+00 -0.69631874E+02
  0.62516902E+00 -0.69632513E+02
  0.63633275E+00 -0.69633145E+02
  0.64749649E+00 -0.69633770E+02
  0.65866022E+00 -0.69634386E+02
  0.66982395E+00 -0.69634994E+02
  0.68098768E+00 -0.69635592E+02
  0.69215142E+00 -0.69636179E+02
  0.70331515E+00 -0.69636755E+02
  0.71447888E+00 -0.69637320E+02
  0.72564261E+00 -0.69637872E+02
  0.73680635E+00 -0.69638411E+02
  0.74797008E+00 -0.69638937E+02
  0.75913381E+00 -0.69639448E+02
  0.77029754E+00 -0.69639945E+02
  0.78146128E+00 -0.69640426E+02
  0.79262501E+00 -0.69640891E+02
  0.80378874E+00 -0.69641340E+02
  0.81495247E+00 -0.69641773E+02
  0.82611621E+00 -0.69642189E+02
  0.83727994E+00 -0.69642587E+02
  0.84844367E+00 -0.69642968E+02
  0.85960740E+00 -0.69643331E+02
  0.87077114E+00 -0.69643676E+02
  0.88193487E+00 -0.69644003E+02
  0.89309860E+00 -0.69644313E+02
  0.90426233E+00 -0.69644604E+02
  0.91542607E+00 -0.69644878E+02
  0.92658980E+00 -0.69645134E+02
  0.93775353E+00 -0.69645373E+02
  0.94891726E+00 -0.69645595E+02
  0.96008100E+00 -0.69645799E+02
  0.97124473E+00 -0.69645988E+02
  0.98240846E+00 -0.69646160E+02
  0.99357219E+00 -0.69646316E+02
  0.10047359E+01 -0.69646457E+02
  0.10158997E+01 -0.69646583E+02
  0.10270634E+01 -0.69646695E+02
  0.10382271E+01 -0.69646792E+02
  0.10493909E+01 -0.69646876E+02
  0.10605546E+01 -0.69646946E+02
  0.10717183E+01 -0.69647003E+02
  0.10828821E+01 -0.69647047E+02
  0.10940458E+01 -0.69647078E+02
  0.11052095E+01 -0.69647097E+02
  0.11163733E+01 -0.69647103E+02
  0.11275489E+01 -0.69646951E+02
  0.11387246E+01 -0.69646749E+02
  0.11499002E+01 -0.69646526E+02
  0.11610759E+01 -0.69646284E+02
  0.11722515E+01 -0.69646025E+02
  0.11834272E+01 -0.69645747E+02
  0.11946028E+01 -0.69645453E+02
  0.12057785E+01 -0.69645142E+02
  0.12169541E+01 -0.69644815E+02
  0.12281298E+01 -0.69644473E+02
  0.12393054E+01 -0.69644117E+02
  0.12504811E+01 -0.69643748E+02
  0.12616567E+01 -0.69643366E+02
  0.12728324E+01 -0.69642973E+02
  0.12840081E+01 -0.69642570E+02
  0.12951837E+01 -0.69642157E+02
  0.13063594E+01 -0.69641736E+02
  0.13175350E+01 -0.69641308E+02
  0.13287107E+01 -0.69640874E+02
  0.13398863E+01 -0.69640436E+02
  0.13510620E+01 -0.69639994E+02
  0.13622376E+01 -0.69639551E+02
  0.13734133E+01 -0.69639106E+02
  0.13845889E+01 -0.69638662E+02
  0.13957646E+01 -0.69638220E+02
  0.14069402E+01 -0.69637780E+02
  0.14181159E+01 -0.69637345E+02
  0.14292916E+01 -0.69636916E+02
  0.14404672E+01 -0.69636493E+02
  0.14516429E+01 -0.69636078E+02
  0.14628185E+01 -0.69635672E+02
  0.14739942E+01 -0.69635276E+02
  0.14851698E+01 -0.69634892E+02
  0.14963455E+01 -0.69634520E+02
  0.15075211E+01 -0.69634162E+02
  0.15186968E+01 -0.69633817E+02
  0.15298724E+01 -0.69633488E+02
  0.15410481E+01 -0.69633174E+02
  0.15522237E+01 -0.69632877E+02
  0.15633994E+01 -0.69632597E+02
  0.15745751E+01 -0.69632335E+02
  0.15857507E+01 -0.69632091E+02
  0.15969264E+01 -0.69631866E+02
  0.16081020E+01 -0.69631660E+02
  0.16192777E+01 -0.69631472E+02
  0.16304533E+01 -0.69631305E+02
  0.16416290E+01 -0.69631156E+02
  0.16528046E+01 -0.69631028E+02
  0.16639803E+01 -0.69630919E+02
  0.16751559E+01 -0.69630830E+02
  0.16863316E+01 -0.69630761E+02
  0.16975072E+01 -0.69630712E+02
  0.17086829E+01 -0.69630682E+02
  0.17198586E+01 -0.69630672E+02
  0.17310223E+01 -0.69630671E+02
  0.17421860E+01 -0.69630666E+02
  0.17533498E+01 -0.69630659E+02
  0.17645135E+01 -0.69630649E+02
  0.17756772E+01 -0.69630638E+02
  0.17868409E+01 -0.69630625E+02
  0.17980047E+01 -0.69630612E+02
  0.18091684E+01 -0.69630599E+02
  0.18203321E+01 -0.69630589E+02
  0.18314959E+01 -0.69630583E+02
  0.18426596E+01 -0.69630584E+02
  0.18538233E+01 -0.69630595E+02
  0.18649871E+01 -0.69630622E+02
  0.18761508E+01 -0.69630669E+02
  0.18873145E+01 -0.69630743E+02
  0.18984783E+01 -0.69630852E+02
  0.19096420E+01 -0.69630999E+02
  0.19208057E+01 -0.69631188E+02
  0.19319695E+01 -0.69631416E+02
  0.19431332E+01 -0.69631679E+02
  0.19542969E+01 -0.69631973E+02
  0.19654607E+01 -0.69632293E+02
  0.19766244E+01 -0.69632633E+02
  0.19877881E+01 -0.69632990E+02
  0.19989519E+01 -0.69633355E+02
  0.20101156E+01 -0.69633139E+02
  0.20212793E+01 -0.69632699E+02
  0.20324431E+01 -0.69632258E+02
  0.20436068E+01 -0.69631817E+02
  0.20547705E+01 -0.69631376E+02
  0.20659343E+01 -0.69630936E+02
  0.20770980E+01 -0.69630497E+02
  0.20882617E+01 -0.69630059E+02
  0.20994255E+01 -0.69629623E+02
  0.21105892E+01 -0.69629189E+02
  0.21217529E+01 -0.69628758E+02
  0.21329167E+01 -0.69628335E+02
  0.21440804E+01 -0.69627948E+02
  0.21552441E+01 -0.69627758E+02
  0.21664079E+01 -0.69627672E+02
  0.21775716E+01 -0.69627598E+02
  0.21887353E+01 -0.69627528E+02
  0.21998991E+01 -0.69627461E+02
  0.22110628E+01 -0.69627394E+02
  0.22222265E+01 -0.69627330E+02
  0.22333902E+01 -0.69627267E+02
  0.22445540E+01 -0.69627205E+02
  0.22557177E+01 -0.69627145E+02
  0.22668814E+01 -0.69627087E+02
  0.22780452E+01 -0.69627030E+02
  0.22892089E+01 -0.69626974E+02
  0.23003726E+01 -0.69626920E+02
  0.23115364E+01 -0.69626868E+02
  0.23227001E+01 -0.69626817E+02
  0.23338638E+01 -0.69626767E+02
  0.23450276E+01 -0.69626720E+02
  0.23561913E+01 -0.69626673E+02
  0.23673550E+01 -0.69626629E+02
  0.23785188E+01 -0.69626585E+02
  0.23896825E+01 -0.69626544E+02
  0.24008462E+01 -0.69626503E+02
  0.24120100E+01 -0.69626464E+02
  0.24231737E+01 -0.69626427E+02
  0.24343374E+01 -0.69626391E+02
  0.24455012E+01 -0.69626357E+02
  0.24566649E+01 -0.69626324E+02
  0.24678286E+01 -0.69626292E+02
  0.24789924E+01 -0.69626261E+02
  0.24901561E+01 -0.69626232E+02
  0.25013198E+01 -0.69626204E+02
  0.25124836E+01 -0.69626178E+02
  0.25236473E+01 -0.69626153E+02
  0.25348110E+01 -0.69626128E+02
  0.25459748E+01 -0.69626106E+02
  0.25571385E+01 -0.69626084E+02
  0.25683022E+01 -0.69626063E+02
  0.25794660E+01 -0.69626043E+02
  0.25906297E+01 -0.69626025E+02
  0.26017934E+01 -0.69626008E+02
  0.26129572E+01 -0.69625991E+02
  0.26241209E+01 -0.69625976E+02
  0.26352846E+01 -0.69625961E+02
  0.26464484E+01 -0.69625948E+02
  0.26576121E+01 -0.69625935E+02
  0.26687758E+01 -0.69625923E+02
  0.26799395E+01 -0.69625913E+02
  0.26911033E+01 -0.69625903E+02
  0.27022670E+01 -0.69625894E+02
  0.27134307E+01 -0.69625886E+02
  0.27245945E+01 -0.69625879E+02
  0.27357582E+01 -0.69625874E+02
  0.27469219E+01 -0.69625869E+02
  0.27580857E+01 -0.69625867E+02
  0.27692494E+01 -0.69625869E+02
  0.27804131E+01 -0.69625875E+02
  0.27915769E+01 -0.69625888E+02
  0.28027406E+01 -0.69625902E+02
  0.28139043E+01 -0.69625914E+02
  0.28250681E+01 -0.69625922E+02
  0.28362318E+01 -0.69625925E+02
  0.28474075E+01 -0.69625901E+02
  0.28585831E+01 -0.69625829E+02
  0.28697588E+01 -0.69625710E+02
  0.28809344E+01 -0.69625545E+02
  0.28921101E+01 -0.69625333E+02
  0.29032857E+01 -0.69625076E+02
  0.29144614E+01 -0.69624774E+02
  0.29256370E+01 -0.69624430E+02
  0.29368127E+01 -0.69624044E+02
  0.29479883E+01 -0.69623618E+02
  0.29591640E+01 -0.69623154E+02
  0.29703396E+01 -0.69622653E+02
  0.29815153E+01 -0.69622118E+02
  0.29926910E+01 -0.69621551E+02
  0.30038666E+01 -0.69622729E+02
  0.30150423E+01 -0.69624103E+02
  0.30262179E+01 -0.69625542E+02
  0.30373936E+01 -0.69627043E+02
  0.30485692E+01 -0.69628602E+02
  0.30597449E+01 -0.69630214E+02
  0.30709205E+01 -0.69631876E+02
  0.30820962E+01 -0.69633582E+02
  0.30932718E+01 -0.69635328E+02
  0.31044475E+01 -0.69637108E+02
  0.31156231E+01 -0.69637715E+02
  0.31267988E+01 -0.69636353E+02
  0.31379745E+01 -0.69634978E+02
  0.31491501E+01 -0.69633593E+02
  0.31603258E+01 -0.69632202E+02
  0.31715014E+01 -0.69630810E+02
  0.31826771E+01 -0.69629419E+02
  0.31938527E+01 -0.69628035E+02
  0.32050284E+01 -0.69626659E+02
  0.32162040E+01 -0.69625297E+02
  0.32273797E+01 -0.69623952E+02
  0.32385553E+01 -0.69622627E+02
  0.32497310E+01 -0.69621326E+02
  0.32609066E+01 -0.69620052E+02
  0.32720823E+01 -0.69618809E+02
  0.32832580E+01 -0.69617599E+02
  0.32944336E+01 -0.69616426E+02
  0.33056093E+01 -0.69615293E+02
  0.33167849E+01 -0.69614202E+02
  0.33279606E+01 -0.69613156E+02
  0.33391362E+01 -0.69612156E+02
  0.33503119E+01 -0.69611207E+02
  0.33614875E+01 -0.69610309E+02
  0.33726632E+01 -0.69609465E+02
  0.33838388E+01 -0.69608675E+02
  0.33950145E+01 -0.69607943E+02
  0.34061901E+01 -0.69607268E+02
  0.34173658E+01 -0.69606653E+02
  0.34285415E+01 -0.69606097E+02
  0.34397171E+01 -0.69605669E+02
  0.34509264E+01 -0.69605692E+02
  0.34621356E+01 -0.69605751E+02
  0.34733449E+01 -0.69605833E+02
  0.34845541E+01 -0.69605937E+02
  0.34957634E+01 -0.69606062E+02
  0.35069726E+01 -0.69606207E+02
  0.35181819E+01 -0.69606373E+02
  0.35293911E+01 -0.69606558E+02
  0.35406004E+01 -0.69606763E+02
  0.35518096E+01 -0.69606987E+02
  0.35630189E+01 -0.69607231E+02
  0.35742281E+01 -0.69607494E+02
  0.35854374E+01 -0.69607776E+02
  0.35966466E+01 -0.69608076E+02
  0.36078559E+01 -0.69608394E+02
  0.36190651E+01 -0.69608731E+02
  0.36302744E+01 -0.69609085E+02
  0.36414836E+01 -0.69609456E+02
  0.36526929E+01 -0.69609844E+02
  0.36639021E+01 -0.69610249E+02
  0.36751114E+01 -0.69610670E+02
  0.36863206E+01 -0.69611107E+02
  0.36975299E+01 -0.69611560E+02
  0.37087391E+01 -0.69612027E+02
  0.37199484E+01 -0.69612509E+02
  0.37311576E+01 -0.69613004E+02
  0.37423669E+01 -0.69613514E+02
  0.37535761E+01 -0.69614036E+02
  0.37647854E+01 -0.69614571E+02
  0.37759946E+01 -0.69615118E+02
  0.37872039E+01 -0.69615676E+02
  0.37984131E+01 -0.69616246E+02
  0.38096224E+01 -0.69616825E+02
  0.38208317E+01 -0.69617415E+02
  0.38320409E+01 -0.69618014E+02
  0.38432502E+01 -0.69618621E+02
  0.38544594E+01 -0.69619237E+02
  0.38656687E+01 -0.69619860E+02
  0.38768779E+01 -0.69620490E+02
  0.38880872E+01 -0.69621127E+02
  0.38992964E+01 -0.69621769E+02
  0.39105057E+01 -0.69622416E+02
  0.39217149E+01 -0.69623068E+02
  0.39329242E+01 -0.69623724E+02
  0.39441334E+01 -0.69624383E+02
  0.39553427E+01 -0.69625046E+02
  0.39665519E+01 -0.69625710E+02
  0.39777612E+01 -0.69626376E+02
  0.39889704E+01 -0.69627043E+02
  0.40001797E+01 -0.69627710E+02
  0.40113889E+01 -0.69628377E+02
  0.40225982E+01 -0.69629044E+02
  0.40338074E+01 -0.69629710E+02
  0.40450167E+01 -0.69630374E+02
  0.40562259E+01 -0.69631035E+02
  0.40674352E+01 -0.69631695E+02
  0.40786444E+01 -0.69632351E+02
  0.40898537E+01 -0.69633003E+02
  0.41010629E+01 -0.69633651E+02
  0.41122722E+01 -0.69634295E+02
  0.41234814E+01 -0.69634934E+02
  0.41346907E+01 -0.69635568E+02
  0.41458999E+01 -0.69636197E+02
  0.41571092E+01 -0.69636819E+02
  0.41683184E+01 -0.69637435E+02
  0.41795277E+01 -0.69638045E+02
  0.41907369E+01 -0.69638648E+02
  0.42019462E+01 -0.69639244E+02
  0.42131554E+01 -0.69639832E+02
  0.42243647E+01 -0.69640413E+02
  0.42355740E+01 -0.69640986E+02
  0.42467832E+01 -0.69641551E+02
  0.42579925E+01 -0.69642108E+02
  0.42692017E+01 -0.69642656E+02
  0.42804110E+01 -0.69643195E+02
  0.42916202E+01 -0.69643726E+02
  0.43028295E+01 -0.69644248E+02
  0.43140387E+01 -0.69644760E+02
  0.43252480E+01 -0.69645263E+02
  0.43364572E+01 -0.69645756E+02
  0.43476665E+01 -0.69646240E+02
  0.43588757E+01 -0.69646713E+02
  0.43700850E+01 -0.69647177E+02
  0.43812942E+01 -0.69647630E+02
  0.43925035E+01 -0.69648072E+02
  0.44037127E+01 -0.69648504E+02
  0.44149220E+01 -0.69648924E+02
  0.44261312E+01 -0.69649334E+02
  0.44373405E+01 -0.69649732E+02
  0.44485497E+01 -0.69650119E+02
  0.44597590E+01 -0.69650494E+02
  0.44709682E+01 -0.69650857E+02
  0.44821775E+01 -0.69651208E+02
  0.44933867E+01 -0.69651547E+02
  0.45045960E+01 -0.69651873E+02
  0.45158052E+01 -0.69652187E+02
  0.45270145E+01 -0.69652488E+02
  0.45382237E+01 -0.69652775E+02
  0.45494330E+01 -0.69653049E+02
  0.45606422E+01 -0.69653310E+02
  0.45718515E+01 -0.69653557E+02
  0.45830607E+01 -0.69653789E+02
  0.45942700E+01 -0.69654008E+02
  0.46054792E+01 -0.69654211E+02
  0.46166885E+01 -0.69654400E+02
  0.46278977E+01 -0.69654574E+02
  0.46391070E+01 -0.69654732E+02
  0.46503163E+01 -0.69654875E+02
  0.46615255E+01 -0.69655001E+02
  0.46727348E+01 -0.69655112E+02
  0.46839440E+01 -0.69655207E+02
  0.46951533E+01 -0.69655285E+02
  0.47063625E+01 -0.69655346E+02
  0.47175718E+01 -0.69655391E+02
  0.47287810E+01 -0.69655420E+02
  0.47399567E+01 -0.69655190E+02
  0.47511323E+01 -0.69654919E+02
  0.47623080E+01 -0.69654616E+02
  0.47734836E+01 -0.69654283E+02
  0.47846593E+01 -0.69653920E+02
  0.47958349E+01 -0.69653529E+02
  0.48070106E+01 -0.69653111E+02
  0.48181862E+01 -0.69652667E+02
  0.48293619E+01 -0.69652200E+02
  0.48405375E+01 -0.69651710E+02
  0.48517132E+01 -0.69651200E+02
  0.48628889E+01 -0.69650670E+02
  0.48740645E+01 -0.69650123E+02
  0.48852402E+01 -0.69649561E+02
  0.48964158E+01 -0.69648984E+02
  0.49075915E+01 -0.69648396E+02
  0.49187671E+01 -0.69647796E+02
  0.49299428E+01 -0.69647187E+02
  0.49411184E+01 -0.69646571E+02
  0.49522941E+01 -0.69645948E+02
  0.49634697E+01 -0.69645320E+02
  0.49746454E+01 -0.69644688E+02
  0.49858210E+01 -0.69644055E+02
  0.49969967E+01 -0.69643420E+02
  0.50081724E+01 -0.69642786E+02
  0.50193480E+01 -0.69642154E+02
  0.50305237E+01 -0.69641524E+02
  0.50416993E+01 -0.69640899E+02
  0.50528750E+01 -0.69640281E+02
  0.50640506E+01 -0.69639669E+02
  0.50752263E+01 -0.69639067E+02
  0.50864019E+01 -0.69638475E+02
  0.50975776E+01 -0.69637895E+02
  0.51087532E+01 -0.69637328E+02
  0.51199289E+01 -0.69636777E+02
  0.51311045E+01 -0.69636243E+02
  0.51422802E+01 -0.69635727E+02
  0.51534559E+01 -0.69635231E+02
  0.51646315E+01 -0.69634756E+02
  0.51758072E+01 -0.69634304E+02
  0.51869828E+01 -0.69633876E+02
  0.51981585E+01 -0.69633474E+02
  0.52093341E+01 -0.69633099E+02
  0.52205098E+01 -0.69632753E+02
  0.52316854E+01 -0.69632435E+02
  0.52428611E+01 -0.69632149E+02
  0.52540367E+01 -0.69631893E+02
  0.52652124E+01 -0.69631670E+02
  0.52763880E+01 -0.69631480E+02
  0.52875637E+01 -0.69631323E+02
  0.52987394E+01 -0.69631201E+02
  0.53099150E+01 -0.69631113E+02
  0.53210907E+01 -0.69631061E+02
  0.53322663E+01 -0.69631043E+02
  
  0.00000000E+00 -0.69605612E+02
  0.11163733E-01 -0.69605588E+02
  0.22327465E-01 -0.69605561E+02
  0.33491198E-01 -0.69605552E+02
  0.44654930E-01 -0.69605562E+02
  0.55818663E-01 -0.69605591E+02
  0.66982395E-01 -0.69605641E+02
  0.78146128E-01 -0.69605710E+02
  0.89309860E-01 -0.69605798E+02
  0.10047359E+00 -0.69605906E+02
  0.11163733E+00 -0.69606034E+02
  0.12280106E+00 -0.69606181E+02
  0.13396479E+00 -0.69606347E+02
  0.14512852E+00 -0.69606531E+02
  0.15629226E+00 -0.69606735E+02
  0.16745599E+00 -0.69606956E+02
  0.17861972E+00 -0.69607196E+02
  0.18978345E+00 -0.69607453E+02
  0.20094719E+00 -0.69607728E+02
  0.21211092E+00 -0.69608020E+02
  0.22327465E+00 -0.69608329E+02
  0.23443838E+00 -0.69608655E+02
  0.24560212E+00 -0.69608996E+02
  0.25676585E+00 -0.69609353E+02
  0.26792958E+00 -0.69609726E+02
  0.27909331E+00 -0.69610113E+02
  0.29025705E+00 -0.69610515E+02
  0.30142078E+00 -0.69610931E+02
  0.31258451E+00 -0.69611361E+02
  0.32374824E+00 -0.69611803E+02
  0.33491198E+00 -0.69612258E+02
  0.34607571E+00 -0.69612726E+02
  0.35723944E+00 -0.69613205E+02
  0.36840317E+00 -0.69613695E+02
  0.37956691E+00 -0.69614196E+02
  0.39073064E+00 -0.69614706E+02
  0.40189437E+00 -0.69615227E+02
  0.41305810E+00 -0.69615756E+02
  0.42422184E+00 -0.69616293E+02
  0.43538557E+00 -0.69616839E+02
  0.44654930E+00 -0.69617392E+02
  0.45771303E+00 -0.69617951E+02
  0.46887677E+00 -0.69618516E+02
  0.48004050E+00 -0.69619087E+02
  0.49120423E+00 -0.69619663E+02
  0.50236796E+00 -0.69620243E+02
  0.51353170E+00 -0.69620827E+02
  0.52469543E+00 -0.69621414E+02
  0.53585916E+00 -0.69622004E+02
  0.54702289E+00 -0.69622595E+02
  0.55818663E+00 -0.69623187E+02
  0.56935036E+00 -0.69623781E+02
  0.58051409E+00 -0.69624374E+02
  0.59167782E+00 -0.69624966E+02
  0.60284156E+00 -0.69625558E+02
  0.61400529E+00 -0.69626148E+02
  0.62516902E+00 -0.69626735E+02
  0.63633275E+00 -0.69627319E+02
  0.64749649E+00 -0.69627900E+02
  0.65866022E+00 -0.69628476E+02
  0.66982395E+00 -0.69629048E+02
  0.68098768E+00 -0.69629614E+02
  0.69215142E+00 -0.69630175E+02
  0.70331515E+00 -0.69630729E+02
  0.71447888E+00 -0.69631276E+02
  0.72564261E+00 -0.69631815E+02
  0.73680635E+00 -0.69632346E+02
  0.74797008E+00 -0.69632869E+02
  0.75913381E+00 -0.69633382E+02
  0.77029754E+00 -0.69633885E+02
  0.78146128E+00 -0.69634378E+02
  0.79262501E+00 -0.69634861E+02
  0.80378874E+00 -0.69635332E+02
  0.81495247E+00 -0.69635792E+02
  0.82611621E+00 -0.69636239E+02
  0.83727994E+00 -0.69636674E+02
  0.84844367E+00 -0.69637095E+02
  0.85960740E+00 -0.69637503E+02
  0.87077114E+00 -0.69637898E+02
  0.88193487E+00 -0.69638277E+02
  0.89309860E+00 -0.69638643E+02
  0.90426233E+00 -0.69638993E+02
  0.91542607E+00 -0.69639327E+02
  0.92658980E+00 -0.69639646E+02
  0.93775353E+00 -0.69639948E+02
  0.94891726E+00 -0.69640234E+02
  0.96008100E+00 -0.69640504E+02
  0.97124473E+00 -0.69640756E+02
  0.98240846E+00 -0.69640991E+02
  0.99357219E+00 -0.69641208E+02
  0.10047359E+01 -0.69641407E+02
  0.10158997E+01 -0.69641588E+02
  0.10270634E+01 -0.69641750E+02
  0.10382271E+01 -0.69641894E+02
  0.10493909E+01 -0.69642019E+02
  0.10605546E+01 -0.69642125E+02
  0.10717183E+01 -0.69642213E+02
  0.10828821E+01 -0.69642280E+02
  0.10940458E+01 -0.69642329E+02
  0.11052095E+01 -0.69642358E+02
  0.11163733E+01 -0.69642368E+02
  0.11275489E+01 -0.69642430E+02
  0.11387246E+01 -0.69642468E+02
  0.11499002E+01 -0.69642474E+02
  0.11610759E+01 -0.69642448E+02
  0.11722515E+01 -0.69642390E+02
  0.11834272E+01 -0.69642300E+02
  0.11946028E+01 -0.69642180E+02
  0.12057785E+01 -0.69642029E+02
  0.12169541E+01 -0.69641848E+02
  0.12281298E+01 -0.69641638E+02
  0.12393054E+01 -0.69641401E+02
  0.12504811E+01 -0.69641136E+02
  0.12616567E+01 -0.69640846E+02
  0.12728324E+01 -0.69640531E+02
  0.12840081E+01 -0.69640193E+02
  0.12951837E+01 -0.69639833E+02
  0.13063594E+01 -0.69639452E+02
  0.13175350E+01 -0.69639053E+02
  0.13287107E+01 -0.69638635E+02
  0.13398863E+01 -0.69638202E+02
  0.13510620E+01 -0.69637754E+02
  0.13622376E+01 -0.69637294E+02
  0.13734133E+01 -0.69636823E+02
  0.13845889E+01 -0.69636343E+02
  0.13957646E+01 -0.69635856E+02
  0.14069402E+01 -0.69635363E+02
  0.14181159E+01 -0.69634867E+02
  0.14292916E+01 -0.69634368E+02
  0.14404672E+01 -0.69633870E+02
  0.14516429E+01 -0.69633374E+02
  0.14628185E+01 -0.69632881E+02
  0.14739942E+01 -0.69632394E+02
  0.14851698E+01 -0.69631914E+02
  0.14963455E+01 -0.69631443E+02
  0.15075211E+01 -0.69630983E+02
  0.15186968E+01 -0.69630536E+02
  0.15298724E+01 -0.69630102E+02
  0.15410481E+01 -0.69629684E+02
  0.15522237E+01 -0.69629284E+02
  0.15633994E+01 -0.69628901E+02
  0.15745751E+01 -0.69628539E+02
  0.15857507E+01 -0.69628199E+02
  0.15969264E+01 -0.69627880E+02
  0.16081020E+01 -0.69627586E+02
  0.16192777E+01 -0.69627316E+02
  0.16304533E+01 -0.69627072E+02
  0.16416290E+01 -0.69626854E+02
  0.16528046E+01 -0.69626664E+02
  0.16639803E+01 -0.69626502E+02
  0.16751559E+01 -0.69626369E+02
  0.16863316E+01 -0.69626264E+02
  0.16975072E+01 -0.69626190E+02
  0.17086829E+01 -0.69626145E+02
  0.17198586E+01 -0.69626130E+02
  0.17310223E+01 -0.69626144E+02
  0.17421860E+01 -0.69626186E+02
  0.17533498E+01 -0.69626254E+02
  0.17645135E+01 -0.69626349E+02
  0.17756772E+01 -0.69626467E+02
  0.17868409E+01 -0.69626607E+02
  0.17980047E+01 -0.69626766E+02
  0.18091684E+01 -0.69626942E+02
  0.18203321E+01 -0.69627132E+02
  0.18314959E+01 -0.69627332E+02
  0.18426596E+01 -0.69627539E+02
  0.18538233E+01 -0.69627748E+02
  0.18649871E+01 -0.69627953E+02
  0.18761508E+01 -0.69628148E+02
  0.18873145E+01 -0.69628326E+02
  0.18984783E+01 -0.69628478E+02
  0.19096420E+01 -0.69628601E+02
  0.19208057E+01 -0.69628691E+02
  0.19319695E+01 -0.69628749E+02
  0.19431332E+01 -0.69628780E+02
  0.19542969E+01 -0.69628786E+02
  0.19654607E+01 -0.69628775E+02
  0.19766244E+01 -0.69628748E+02
  0.19877881E+01 -0.69628711E+02
  0.19989519E+01 -0.69628665E+02
  0.20101156E+01 -0.69628612E+02
  0.20212793E+01 -0.69628554E+02
  0.20324431E+01 -0.69628492E+02
  0.20436068E+01 -0.69628427E+02
  0.20547705E+01 -0.69628359E+02
  0.20659343E+01 -0.69628290E+02
  0.20770980E+01 -0.69628219E+02
  0.20882617E+01 -0.69628147E+02
  0.20994255E+01 -0.69628074E+02
  0.21105892E+01 -0.69628001E+02
  0.21217529E+01 -0.69627926E+02
  0.21329167E+01 -0.69627846E+02
  0.21440804E+01 -0.69627731E+02
  0.21552441E+01 -0.69627422E+02
  0.21664079E+01 -0.69627014E+02
  0.21775716E+01 -0.69626596E+02
  0.21887353E+01 -0.69626178E+02
  0.21998991E+01 -0.69625763E+02
  0.22110628E+01 -0.69625349E+02
  0.22222265E+01 -0.69624939E+02
  0.22333902E+01 -0.69624533E+02
  0.22445540E+01 -0.69624130E+02
  0.22557177E+01 -0.69623731E+02
  0.22668814E+01 -0.69623335E+02
  0.22780452E+01 -0.69622945E+02
  0.22892089E+01 -0.69622558E+02
  0.23003726E+01 -0.69622176E+02
  0.23115364E+01 -0.69621799E+02
  0.23227001E+01 -0.69621427E+02
  0.23338638E+01 -0.69621267E+02
  0.23450276E+01 -0.69621409E+02
  0.23561913E+01 -0.69621553E+02
  0.23673550E+01 -0.69621699E+02
  0.23785188E+01 -0.69621845E+02
  0.23896825E+01 -0.69621993E+02
  0.24008462E+01 -0.69622141E+02
  0.24120100E+01 -0.69622290E+02
  0.24231737E+01 -0.69622438E+02
  0.24343374E+01 -0.69622587E+02
  0.24455012E+01 -0.69622735E+02
  0.24566649E+01 -0.69622882E+02
  0.24678286E+01 -0.69623029E+02
  0.24789924E+01 -0.69623174E+02
  0.24901561E+01 -0.69623318E+02
  0.25013198E+01 -0.69623460E+02
  0.25124836E+01 -0.69623601E+02
  0.25236473E+01 -0.69623739E+02
  0.25348110E+01 -0.69623874E+02
  0.25459748E+01 -0.69624007E+02
  0.25571385E+01 -0.69624137E+02
  0.25683022E+01 -0.69624264E+02
  0.25794660E+01 -0.69624388E+02
  0.25906297E+01 -0.69624508E+02
  0.26017934E+01 -0.69624624E+02
  0.26129572E+01 -0.69624737E+02
  0.26241209E+01 -0.69624845E+02
  0.26352846E+01 -0.69624949E+02
  0.26464484E+01 -0.69625048E+02
  0.26576121E+01 -0.69625142E+02
  0.26687758E+01 -0.69625232E+02
  0.26799395E+01 -0.69625317E+02
  0.26911033E+01 -0.69625396E+02
  0.27022670E+01 -0.69625470E+02
  0.27134307E+01 -0.69625538E+02
  0.27245945E+01 -0.69625600E+02
  0.27357582E+01 -0.69625657E+02
  0.27469219E+01 -0.69625707E+02
  0.27580857E+01 -0.69625749E+02
  0.27692494E+01 -0.69625783E+02
  0.27804131E+01 -0.69625807E+02
  0.27915769E+01 -0.69625819E+02
  0.28027406E+01 -0.69625824E+02
  0.28139043E+01 -0.69625825E+02
  0.28250681E+01 -0.69625826E+02
  0.28362318E+01 -0.69625826E+02
  0.28474075E+01 -0.69625802E+02
  0.28585831E+01 -0.69625731E+02
  0.28697588E+01 -0.69625612E+02
  0.28809344E+01 -0.69625446E+02
  0.28921101E+01 -0.69625235E+02
  0.29032857E+01 -0.69624978E+02
  0.29144614E+01 -0.69624676E+02
  0.29256370E+01 -0.69624332E+02
  0.29368127E+01 -0.69623946E+02
  0.29479883E+01 -0.69623520E+02
  0.29591640E+01 -0.69623056E+02
  0.29703396E+01 -0.69622556E+02
  0.29815153E+01 -0.69622021E+02
  0.29926910E+01 -0.69621455E+02
  0.30038666E+01 -0.69620955E+02
  0.30150423E+01 -0.69620332E+02
  0.30262179E+01 -0.69619684E+02
  0.30373936E+01 -0.69619014E+02
  0.30485692E+01 -0.69618325E+02
  0.30597449E+01 -0.69617620E+02
  0.30709205E+01 -0.69616903E+02
  0.30820962E+01 -0.69616175E+02
  0.30932718E+01 -0.69615441E+02
  0.31044475E+01 -0.69614703E+02
  0.31156231E+01 -0.69613965E+02
  0.31267988E+01 -0.69613229E+02
  0.31379745E+01 -0.69612500E+02
  0.31491501E+01 -0.69611781E+02
  0.31603258E+01 -0.69611074E+02
  0.31715014E+01 -0.69610384E+02
  0.31826771E+01 -0.69609713E+02
  0.31938527E+01 -0.69609064E+02
  0.32050284E+01 -0.69608441E+02
  0.32162040E+01 -0.69607846E+02
  0.32273797E+01 -0.69607283E+02
  0.32385553E+01 -0.69606755E+02
  0.32497310E+01 -0.69606264E+02
  0.32609066E+01 -0.69605813E+02
  0.32720823E+01 -0.69605405E+02
  0.32832580E+01 -0.69605042E+02
  0.32944336E+01 -0.69604726E+02
  0.33056093E+01 -0.69604460E+02
  0.33167849E+01 -0.69604245E+02
  0.33279606E+01 -0.69604083E+02
  0.33391362E+01 -0.69603977E+02
  0.33503119E+01 -0.69603927E+02
  0.33614875E+01 -0.69603935E+02
  0.33726632E+01 -0.69604002E+02
  0.33838388E+01 -0.69604128E+02
  0.33950145E+01 -0.69604315E+02
  0.34061901E+01 -0.69604564E+02
  0.34173658E+01 -0.69604874E+02
  0.34285415E+01 -0.69605245E+02
  0.34397171E+01 -0.69605612E+02
  0.34509264E+01 -0.69605608E+02
  0.34621356E+01 -0.69605611E+02
  0.34733449E+01 -0.69605630E+02
  0.34845541E+01 -0.69605668E+02
  0.34957634E+01 -0.69605725E+02
  0.35069726E+01 -0.69605802E+02
  0.35181819E+01 -0.69605899E+02
  0.35293911E+01 -0.69606015E+02
  0.35406004E+01 -0.69606151E+02
  0.35518096E+01 -0.69606307E+02
  0.35630189E+01 -0.69606481E+02
  0.35742281E+01 -0.69606675E+02
  0.35854374E+01 -0.69606888E+02
  0.35966466E+01 -0.69607119E+02
  0.36078559E+01 -0.69607369E+02
  0.36190651E+01 -0.69607636E+02
  0.36302744E+01 -0.69607922E+02
  0.36414836E+01 -0.69608225E+02
  0.36526929E+01 -0.69608545E+02
  0.36639021E+01 -0.69608882E+02
  0.36751114E+01 -0.69609235E+02
  0.36863206E+01 -0.69609604E+02
  0.36975299E+01 -0.69609989E+02
  0.37087391E+01 -0.69610389E+02
  0.37199484E+01 -0.69610804E+02
  0.37311576E+01 -0.69611234E+02
  0.37423669E+01 -0.69611677E+02
  0.37535761E+01 -0.69612134E+02
  0.37647854E+01 -0.69612604E+02
  0.37759946E+01 -0.69613086E+02
  0.37872039E+01 -0.69613580E+02
  0.37984131E+01 -0.69614086E+02
  0.38096224E+01 -0.69614603E+02
  0.38208317E+01 -0.69615131E+02
  0.38320409E+01 -0.69615668E+02
  0.38432502E+01 -0.69616214E+02
  0.38544594E+01 -0.69616770E+02
  0.38656687E+01 -0.69617333E+02
  0.38768779E+01 -0.69617904E+02
  0.38880872E+01 -0.69618483E+02
  0.38992964E+01 -0.69619067E+02
  0.39105057E+01 -0.69619658E+02
  0.39217149E+01 -0.69620254E+02
  0.39329242E+01 -0.69620854E+02
  0.39441334E+01 -0.69621458E+02
  0.39553427E+01 -0.69622066E+02
  0.39665519E+01 -0.69622676E+02
  0.39777612E+01 -0.69623289E+02
  0.39889704E+01 -0.69623903E+02
  0.40001797E+01 -0.69624517E+02
  0.40113889E+01 -0.69625132E+02
  0.40225982E+01 -0.69625746E+02
  0.40338074E+01 -0.69626359E+02
  0.40450167E+01 -0.69626969E+02
  0.40562259E+01 -0.69627577E+02
  0.40674352E+01 -0.69628182E+02
  0.40786444E+01 -0.69628783E+02
  0.40898537E+01 -0.69629379E+02
  0.41010629E+01 -0.69629970E+02
  0.41122722E+01 -0.69630554E+02
  0.41234814E+01 -0.69631132E+02
  0.41346907E+01 -0.69631702E+02
  0.41458999E+01 -0.69632264E+02
  0.41571092E+01 -0.69632817E+02
  0.41683184E+01 -0.69633361E+02
  0.41795277E+01 -0.69633894E+02
  0.41907369E+01 -0.69634417E+02
  0.42019462E+01 -0.69634928E+02
  0.42131554E+01 -0.69635427E+02
  0.42243647E+01 -0.69635914E+02
  0.42355740E+01 -0.69636388E+02
  0.42467832E+01 -0.69636848E+02
  0.42579925E+01 -0.69637294E+02
  0.42692017E+01 -0.69637725E+02
  0.42804110E+01 -0.69638142E+02
  0.42916202E+01 -0.69638544E+02
  0.43028295E+01 -0.69638931E+02
  0.43140387E+01 -0.69639301E+02
  0.43252480E+01 -0.69639657E+02
  0.43364572E+01 -0.69639996E+02
  0.43476665E+01 -0.69640320E+02
  0.43588757E+01 -0.69640628E+02
  0.43700850E+01 -0.69640920E+02
  0.43812942E+01 -0.69641196E+02
  0.43925035E+01 -0.69641458E+02
  0.44037127E+01 -0.69641704E+02
  0.44149220E+01 -0.69641935E+02
  0.44261312E+01 -0.69642151E+02
  0.44373405E+01 -0.69642354E+02
  0.44485497E+01 -0.69642543E+02
  0.44597590E+01 -0.69642718E+02
  0.44709682E+01 -0.69642880E+02
  0.44821775E+01 -0.69643030E+02
  0.44933867E+01 -0.69643168E+02
  0.45045960E+01 -0.69643294E+02
  0.45158052E+01 -0.69643409E+02
  0.45270145E+01 -0.69643514E+02
  0.45382237E+01 -0.69643609E+02
  0.45494330E+01 -0.69643694E+02
  0.45606422E+01 -0.69643770E+02
  0.45718515E+01 -0.69643838E+02
  0.45830607E+01 -0.69643897E+02
  0.45942700E+01 -0.69643949E+02
  0.46054792E+01 -0.69643993E+02
  0.46166885E+01 -0.69644031E+02
  0.46278977E+01 -0.69644062E+02
  0.46391070E+01 -0.69644087E+02
  0.46503163E+01 -0.69644106E+02
  0.46615255E+01 -0.69644120E+02
  0.46727348E+01 -0.69644129E+02
  0.46839440E+01 -0.69644133E+02
  0.46951533E+01 -0.69644132E+02
  0.47063625E+01 -0.69644127E+02
  0.47175718E+01 -0.69644119E+02
  0.47287810E+01 -0.69644106E+02
  0.47399567E+01 -0.69644102E+02
  0.47511323E+01 -0.69644075E+02
  0.47623080E+01 -0.69644016E+02
  0.47734836E+01 -0.69643921E+02
  0.47846593E+01 -0.69643789E+02
  0.47958349E+01 -0.69643619E+02
  0.48070106E+01 -0.69643412E+02
  0.48181862E+01 -0.69643168E+02
  0.48293619E+01 -0.69642885E+02
  0.48405375E+01 -0.69642566E+02
  0.48517132E+01 -0.69642210E+02
  0.48628889E+01 -0.69641817E+02
  0.48740645E+01 -0.69641389E+02
  0.48852402E+01 -0.69640926E+02
  0.48964158E+01 -0.69640430E+02
  0.49075915E+01 -0.69639902E+02
  0.49187671E+01 -0.69639343E+02
  0.49299428E+01 -0.69638756E+02
  0.49411184E+01 -0.69638142E+02
  0.49522941E+01 -0.69637503E+02
  0.49634697E+01 -0.69636842E+02
  0.49746454E+01 -0.69636162E+02
  0.49858210E+01 -0.69635468E+02
  0.49969967E+01 -0.69634801E+02
  0.50081724E+01 -0.69634175E+02
  0.50193480E+01 -0.69633548E+02
  0.50305237E+01 -0.69632919E+02
  0.50416993E+01 -0.69632290E+02
  0.50528750E+01 -0.69631662E+02
  0.50640506E+01 -0.69631038E+02
  0.50752263E+01 -0.69630419E+02
  0.50864019E+01 -0.69629807E+02
  0.50975776E+01 -0.69629205E+02
  0.51087532E+01 -0.69628615E+02
  0.51199289E+01 -0.69628039E+02
  0.51311045E+01 -0.69627478E+02
  0.51422802E+01 -0.69626934E+02
  0.51534559E+01 -0.69626410E+02
  0.51646315E+01 -0.69625908E+02
  0.51758072E+01 -0.69625429E+02
  0.51869828E+01 -0.69624974E+02
  0.51981585E+01 -0.69624546E+02
  0.52093341E+01 -0.69624147E+02
  0.52205098E+01 -0.69623777E+02
  0.52316854E+01 -0.69623437E+02
  0.52428611E+01 -0.69623131E+02
  0.52540367E+01 -0.69622857E+02
  0.52652124E+01 -0.69622618E+02
  0.52763880E+01 -0.69622414E+02
  0.52875637E+01 -0.69622246E+02
  0.52987394E+01 -0.69622115E+02
  0.53099150E+01 -0.69622020E+02
  0.53210907E+01 -0.69621964E+02
  0.53322663E+01 -0.69621945E+02
  
  0.00000000E+00 -0.69605593E+02
  0.11163733E-01 -0.69605569E+02
  0.22327465E-01 -0.69605542E+02
  0.33491198E-01 -0.69605533E+02
  0.44654930E-01 -0.69605543E+02
  0.55818663E-01 -0.69605572E+02
  0.66982395E-01 -0.69605622E+02
  0.78146128E-01 -0.69605691E+02
  0.89309860E-01 -0.69605779E+02
  0.10047359E+00 -0.69605887E+02
  0.11163733E+00 -0.69606015E+02
  0.12280106E+00 -0.69606162E+02
  0.13396479E+00 -0.69606328E+02
  0.14512852E+00 -0.69606512E+02
  0.15629226E+00 -0.69606715E+02
  0.16745599E+00 -0.69606937E+02
  0.17861972E+00 -0.69607177E+02
  0.18978345E+00 -0.69607434E+02
  0.20094719E+00 -0.69607709E+02
  0.21211092E+00 -0.69608001E+02
  0.22327465E+00 -0.69608310E+02
  0.23443838E+00 -0.69608635E+02
  0.24560212E+00 -0.69608977E+02
  0.25676585E+00 -0.69609334E+02
  0.26792958E+00 -0.69609707E+02
  0.27909331E+00 -0.69610094E+02
  0.29025705E+00 -0.69610496E+02
  0.30142078E+00 -0.69610912E+02
  0.31258451E+00 -0.69611341E+02
  0.32374824E+00 -0.69611784E+02
  0.33491198E+00 -0.69612239E+02
  0.34607571E+00 -0.69612707E+02
  0.35723944E+00 -0.69613186E+02
  0.36840317E+00 -0.69613676E+02
  0.37956691E+00 -0.69614176E+02
  0.39073064E+00 -0.69614687E+02
  0.40189437E+00 -0.69615207E+02
  0.41305810E+00 -0.69615737E+02
  0.42422184E+00 -0.69616274E+02
  0.43538557E+00 -0.69616820E+02
  0.44654930E+00 -0.69617372E+02
  0.45771303E+00 -0.69617932E+02
  0.46887677E+00 -0.69618497E+02
  0.48004050E+00 -0.69619068E+02
  0.49120423E+00 -0.69619644E+02
  0.50236796E+00 -0.69620224E+02
  0.51353170E+00 -0.69620808E+02
  0.52469543E+00 -0.69621395E+02
  0.53585916E+00 -0.69621984E+02
  0.54702289E+00 -0.69622575E+02
  0.55818663E+00 -0.69623168E+02
  0.56935036E+00 -0.69623761E+02
  0.58051409E+00 -0.69624354E+02
  0.59167782E+00 -0.69624947E+02
  0.60284156E+00 -0.69625538E+02
  0.61400529E+00 -0.69626128E+02
  0.62516902E+00 -0.69626715E+02
  0.63633275E+00 -0.69627299E+02
  0.64749649E+00 -0.69627880E+02
  0.65866022E+00 -0.69628457E+02
  0.66982395E+00 -0.69629028E+02
  0.68098768E+00 -0.69629595E+02
  0.69215142E+00 -0.69630155E+02
  0.70331515E+00 -0.69630709E+02
  0.71447888E+00 -0.69631256E+02
  0.72564261E+00 -0.69631795E+02
  0.73680635E+00 -0.69632326E+02
  0.74797008E+00 -0.69632849E+02
  0.75913381E+00 -0.69633362E+02
  0.77029754E+00 -0.69633865E+02
  0.78146128E+00 -0.69634359E+02
  0.79262501E+00 -0.69634841E+02
  0.80378874E+00 -0.69635312E+02
  0.81495247E+00 -0.69635772E+02
  0.82611621E+00 -0.69636219E+02
  0.83727994E+00 -0.69636654E+02
  0.84844367E+00 -0.69637075E+02
  0.85960740E+00 -0.69637483E+02
  0.87077114E+00 -0.69637878E+02
  0.88193487E+00 -0.69638257E+02
  0.89309860E+00 -0.69638623E+02
  0.90426233E+00 -0.69638973E+02
  0.91542607E+00 -0.69639307E+02
  0.92658980E+00 -0.69639626E+02
  0.93775353E+00 -0.69639929E+02
  0.94891726E+00 -0.69640215E+02
  0.96008100E+00 -0.69640484E+02
  0.97124473E+00 -0.69640736E+02
  0.98240846E+00 -0.69640971E+02
  0.99357219E+00 -0.69641188E+02
  0.10047359E+01 -0.69641387E+02
  0.10158997E+01 -0.69641568E+02
  0.10270634E+01 -0.69641731E+02
  0.10382271E+01 -0.69641875E+02
  0.10493909E+01 -0.69642000E+02
  0.10605546E+01 -0.69642106E+02
  0.10717183E+01 -0.69642193E+02
  0.10828821E+01 -0.69642261E+02
  0.10940458E+01 -0.69642310E+02
  0.11052095E+01 -0.69642339E+02
  0.11163733E+01 -0.69642349E+02
  0.11275489E+01 -0.69642254E+02
  0.11387246E+01 -0.69642118E+02
  0.11499002E+01 -0.69641950E+02
  0.11610759E+01 -0.69641750E+02
  0.11722515E+01 -0.69641518E+02
  0.11834272E+01 -0.69641256E+02
  0.11946028E+01 -0.69640964E+02
  0.12057785E+01 -0.69640642E+02
  0.12169541E+01 -0.69640291E+02
  0.12281298E+01 -0.69639914E+02
  0.12393054E+01 -0.69639509E+02
  0.12504811E+01 -0.69639080E+02
  0.12616567E+01 -0.69638626E+02
  0.12728324E+01 -0.69638150E+02
  0.12840081E+01 -0.69637652E+02
  0.12951837E+01 -0.69637134E+02
  0.13063594E+01 -0.69636598E+02
  0.13175350E+01 -0.69636046E+02
  0.13287107E+01 -0.69635478E+02
  0.13398863E+01 -0.69634898E+02
  0.13510620E+01 -0.69634305E+02
  0.13622376E+01 -0.69633703E+02
  0.13734133E+01 -0.69633094E+02
  0.13845889E+01 -0.69632478E+02
  0.13957646E+01 -0.69631858E+02
  0.14069402E+01 -0.69631236E+02
  0.14181159E+01 -0.69630614E+02
  0.14292916E+01 -0.69629994E+02
  0.14404672E+01 -0.69629378E+02
  0.14516429E+01 -0.69628767E+02
  0.14628185E+01 -0.69628164E+02
  0.14739942E+01 -0.69627570E+02
  0.14851698E+01 -0.69626988E+02
  0.14963455E+01 -0.69626419E+02
  0.15075211E+01 -0.69625865E+02
  0.15186968E+01 -0.69625328E+02
  0.15298724E+01 -0.69624809E+02
  0.15410481E+01 -0.69624310E+02
  0.15522237E+01 -0.69623833E+02
  0.15633994E+01 -0.69623379E+02
  0.15745751E+01 -0.69622950E+02
  0.15857507E+01 -0.69622547E+02
  0.15969264E+01 -0.69622172E+02
  0.16081020E+01 -0.69621824E+02
  0.16192777E+01 -0.69621507E+02
  0.16304533E+01 -0.69621220E+02
  0.16416290E+01 -0.69620964E+02
  0.16528046E+01 -0.69620742E+02
  0.16639803E+01 -0.69620552E+02
  0.16751559E+01 -0.69620395E+02
  0.16863316E+01 -0.69620273E+02
  0.16975072E+01 -0.69620186E+02
  0.17086829E+01 -0.69620133E+02
  0.17198586E+01 -0.69620116E+02
  0.17310223E+01 -0.69620109E+02
  0.17421860E+01 -0.69620091E+02
  0.17533498E+01 -0.69620060E+02
  0.17645135E+01 -0.69620019E+02
  0.17756772E+01 -0.69619968E+02
  0.17868409E+01 -0.69619909E+02
  0.17980047E+01 -0.69619845E+02
  0.18091684E+01 -0.69619775E+02
  0.18203321E+01 -0.69619702E+02
  0.18314959E+01 -0.69619627E+02
  0.18426596E+01 -0.69619552E+02
  0.18538233E+01 -0.69619478E+02
  0.18649871E+01 -0.69619405E+02
  0.18761508E+01 -0.69619334E+02
  0.18873145E+01 -0.69619267E+02
  0.18984783E+01 -0.69619204E+02
  0.19096420E+01 -0.69619146E+02
  0.19208057E+01 -0.69619092E+02
  0.19319695E+01 -0.69619044E+02
  0.19431332E+01 -0.69619001E+02
  0.19542969E+01 -0.69618964E+02
  0.19654607E+01 -0.69618934E+02
  0.19766244E+01 -0.69618910E+02
  0.19877881E+01 -0.69618892E+02
  0.19989519E+01 -0.69618881E+02
  0.20101156E+01 -0.69618877E+02
  0.20212793E+01 -0.69618879E+02
  0.20324431E+01 -0.69618888E+02
  0.20436068E+01 -0.69618903E+02
  0.20547705E+01 -0.69618926E+02
  0.20659343E+01 -0.69618955E+02
  0.20770980E+01 -0.69618990E+02
  0.20882617E+01 -0.69619032E+02
  0.20994255E+01 -0.69619080E+02
  0.21105892E+01 -0.69619134E+02
  0.21217529E+01 -0.69619195E+02
  0.21329167E+01 -0.69619261E+02
  0.21440804E+01 -0.69619334E+02
  0.21552441E+01 -0.69619412E+02
  0.21664079E+01 -0.69619495E+02
  0.21775716E+01 -0.69619584E+02
  0.21887353E+01 -0.69619678E+02
  0.21998991E+01 -0.69619776E+02
  0.22110628E+01 -0.69619880E+02
  0.22222265E+01 -0.69619988E+02
  0.22333902E+01 -0.69620100E+02
  0.22445540E+01 -0.69620216E+02
  0.22557177E+01 -0.69620337E+02
  0.22668814E+01 -0.69620460E+02
  0.22780452E+01 -0.69620588E+02
  0.22892089E+01 -0.69620718E+02
  0.23003726E+01 -0.69620851E+02
  0.23115364E+01 -0.69620987E+02
  0.23227001E+01 -0.69621125E+02
  0.23338638E+01 -0.69621059E+02
  0.23450276E+01 -0.69620698E+02
  0.23561913E+01 -0.69620342E+02
  0.23673550E+01 -0.69619991E+02
  0.23785188E+01 -0.69619647E+02
  0.23896825E+01 -0.69619308E+02
  0.24008462E+01 -0.69618975E+02
  0.24120100E+01 -0.69618649E+02
  0.24231737E+01 -0.69618329E+02
  0.24343374E+01 -0.69618016E+02
  0.24455012E+01 -0.69617709E+02
  0.24566649E+01 -0.69617409E+02
  0.24678286E+01 -0.69617117E+02
  0.24789924E+01 -0.69616831E+02
  0.24901561E+01 -0.69616553E+02
  0.25013198E+01 -0.69616282E+02
  0.25124836E+01 -0.69616019E+02
  0.25236473E+01 -0.69615763E+02
  0.25348110E+01 -0.69615516E+02
  0.25459748E+01 -0.69615276E+02
  0.25571385E+01 -0.69615044E+02
  0.25683022E+01 -0.69614820E+02
  0.25794660E+01 -0.69614605E+02
  0.25906297E+01 -0.69614398E+02
  0.26017934E+01 -0.69614200E+02
  0.26129572E+01 -0.69614010E+02
  0.26241209E+01 -0.69613829E+02
  0.26352846E+01 -0.69613656E+02
  0.26464484E+01 -0.69613492E+02
  0.26576121E+01 -0.69613338E+02
  0.26687758E+01 -0.69613192E+02
  0.26799395E+01 -0.69613055E+02
  0.26911033E+01 -0.69612928E+02
  0.27022670E+01 -0.69612809E+02
  0.27134307E+01 -0.69612700E+02
  0.27245945E+01 -0.69612600E+02
  0.27357582E+01 -0.69612510E+02
  0.27469219E+01 -0.69612429E+02
  0.27580857E+01 -0.69612357E+02
  0.27692494E+01 -0.69612295E+02
  0.27804131E+01 -0.69612243E+02
  0.27915769E+01 -0.69612200E+02
  0.28027406E+01 -0.69612166E+02
  0.28139043E+01 -0.69612142E+02
  0.28250681E+01 -0.69612128E+02
  0.28362318E+01 -0.69612123E+02
  0.28474075E+01 -0.69612173E+02
  0.28585831E+01 -0.69612322E+02
  0.28697588E+01 -0.69612569E+02
  0.28809344E+01 -0.69612915E+02
  0.28921101E+01 -0.69613358E+02
  0.29032857E+01 -0.69613897E+02
  0.29144614E+01 -0.69614531E+02
  0.29256370E+01 -0.69615256E+02
  0.29368127E+01 -0.69616073E+02
  0.29479883E+01 -0.69616978E+02
  0.29591640E+01 -0.69617968E+02
  0.29703396E+01 -0.69619042E+02
  0.29815153E+01 -0.69620195E+02
  0.29926910E+01 -0.69621426E+02
  0.30038666E+01 -0.69620859E+02
  0.30150423E+01 -0.69620236E+02
  0.30262179E+01 -0.69619588E+02
  0.30373936E+01 -0.69618919E+02
  0.30485692E+01 -0.69618230E+02
  0.30597449E+01 -0.69617526E+02
  0.30709205E+01 -0.69616809E+02
  0.30820962E+01 -0.69616081E+02
  0.30932718E+01 -0.69615347E+02
  0.31044475E+01 -0.69614610E+02
  0.31156231E+01 -0.69613872E+02
  0.31267988E+01 -0.69613138E+02
  0.31379745E+01 -0.69612409E+02
  0.31491501E+01 -0.69611690E+02
  0.31603258E+01 -0.69610984E+02
  0.31715014E+01 -0.69610294E+02
  0.31826771E+01 -0.69609623E+02
  0.31938527E+01 -0.69608975E+02
  0.32050284E+01 -0.69608353E+02
  0.32162040E+01 -0.69607759E+02
  0.32273797E+01 -0.69607196E+02
  0.32385553E+01 -0.69606669E+02
  0.32497310E+01 -0.69606178E+02
  0.32609066E+01 -0.69605728E+02
  0.32720823E+01 -0.69605320E+02
  0.32832580E+01 -0.69604958E+02
  0.32944336E+01 -0.69604642E+02
  0.33056093E+01 -0.69604377E+02
  0.33167849E+01 -0.69604162E+02
  0.33279606E+01 -0.69604002E+02
  0.33391362E+01 -0.69603896E+02
  0.33503119E+01 -0.69603846E+02
  0.33614875E+01 -0.69603855E+02
  0.33726632E+01 -0.69603922E+02
  0.33838388E+01 -0.69604049E+02
  0.33950145E+01 -0.69604237E+02
  0.34061901E+01 -0.69604486E+02
  0.34173658E+01 -0.69604797E+02
  0.34285415E+01 -0.69605169E+02
  0.34397171E+01 -0.69605593E+02
  0.34509264E+01 -0.69605589E+02
  0.34621356E+01 -0.69605592E+02
  0.34733449E+01 -0.69605611E+02
  0.34845541E+01 -0.69605649E+02
  0.34957634E+01 -0.69605706E+02
  0.35069726E+01 -0.69605783E+02
  0.35181819E+01 -0.69605880E+02
  0.35293911E+01 -0.69605996E+02
  0.35406004E+01 -0.69606132E+02
  0.35518096E+01 -0.69606288E+02
  0.35630189E+01 -0.69606462E+02
  0.35742281E+01 -0.69606656E+02
  0.35854374E+01 -0.69606869E+02
  0.35966466E+01 -0.69607100E+02
  0.36078559E+01 -0.69607350E+02
  0.36190651E+01 -0.69607617E+02
  0.36302744E+01 -0.69607903E+02
  0.36414836E+01 -0.69608206E+02
  0.36526929E+01 -0.69608526E+02
  0.36639021E+01 -0.69608862E+02
  0.36751114E+01 -0.69609216E+02
  0.36863206E+01 -0.69609585E+02
  0.36975299E+01 -0.69609970E+02
  0.37087391E+01 -0.69610370E+02
  0.37199484E+01 -0.69610785E+02
  0.37311576E+01 -0.69611215E+02
  0.37423669E+01 -0.69611658E+02
  0.37535761E+01 -0.69612115E+02
  0.37647854E+01 -0.69612585E+02
  0.37759946E+01 -0.69613067E+02
  0.37872039E+01 -0.69613561E+02
  0.37984131E+01 -0.69614067E+02
  0.38096224E+01 -0.69614584E+02
  0.38208317E+01 -0.69615111E+02
  0.38320409E+01 -0.69615649E+02
  0.38432502E+01 -0.69616195E+02
  0.38544594E+01 -0.69616751E+02
  0.38656687E+01 -0.69617314E+02
  0.38768779E+01 -0.69617885E+02
  0.38880872E+01 -0.69618464E+02
  0.38992964E+01 -0.69619048E+02
  0.39105057E+01 -0.69619639E+02
  0.39217149E+01 -0.69620235E+02
  0.39329242E+01 -0.69620835E+02
  0.39441334E+01 -0.69621439E+02
  0.39553427E+01 -0.69622047E+02
  0.39665519E+01 -0.69622657E+02
  0.39777612E+01 -0.69623270E+02
  0.39889704E+01 -0.69623883E+02
  0.40001797E+01 -0.69624498E+02
  0.40113889E+01 -0.69625113E+02
  0.40225982E+01 -0.69625727E+02
  0.40338074E+01 -0.69626339E+02
  0.40450167E+01 -0.69626950E+02
  0.40562259E+01 -0.69627558E+02
  0.40674352E+01 -0.69628163E+02
  0.40786444E+01 -0.69628763E+02
  0.40898537E+01 -0.69629359E+02
  0.41010629E+01 -0.69629949E+02
  0.41122722E+01 -0.69630534E+02
  0.41234814E+01 -0.69631111E+02
  0.41346907E+01 -0.69631681E+02
  0.41458999E+01 -0.69632243E+02
  0.41571092E+01 -0.69632795E+02
  0.41683184E+01 -0.69633338E+02
  0.41795277E+01 -0.69633871E+02
  0.41907369E+01 -0.69634394E+02
  0.42019462E+01 -0.69634904E+02
  0.42131554E+01 -0.69635403E+02
  0.42243647E+01 -0.69635889E+02
  0.42355740E+01 -0.69636362E+02
  0.42467832E+01 -0.69636821E+02
  0.42579925E+01 -0.69637266E+02
  0.42692017E+01 -0.69637697E+02
  0.42804110E+01 -0.69638113E+02
  0.42916202E+01 -0.69638513E+02
  0.43028295E+01 -0.69638898E+02
  0.43140387E+01 -0.69639268E+02
  0.43252480E+01 -0.69639622E+02
  0.43364572E+01 -0.69639960E+02
  0.43476665E+01 -0.69640282E+02
  0.43588757E+01 -0.69640588E+02
  0.43700850E+01 -0.69640879E+02
  0.43812942E+01 -0.69641154E+02
  0.43925035E+01 -0.69641413E+02
  0.44037127E+01 -0.69641658E+02
  0.44149220E+01 -0.69641887E+02
  0.44261312E+01 -0.69642102E+02
  0.44373405E+01 -0.69642302E+02
  0.44485497E+01 -0.69642489E+02
  0.44597590E+01 -0.69642663E+02
  0.44709682E+01 -0.69642823E+02
  0.44821775E+01 -0.69642971E+02
  0.44933867E+01 -0.69643108E+02
  0.45045960E+01 -0.69643232E+02
  0.45158052E+01 -0.69643346E+02
  0.45270145E+01 -0.69643449E+02
  0.45382237E+01 -0.69643543E+02
  0.45494330E+01 -0.69643626E+02
  0.45606422E+01 -0.69643701E+02
  0.45718515E+01 -0.69643768E+02
  0.45830607E+01 -0.69643826E+02
  0.45942700E+01 -0.69643877E+02
  0.46054792E+01 -0.69643920E+02
  0.46166885E+01 -0.69643957E+02
  0.46278977E+01 -0.69643987E+02
  0.46391070E+01 -0.69644011E+02
  0.46503163E+01 -0.69644030E+02
  0.46615255E+01 -0.69644044E+02
  0.46727348E+01 -0.69644052E+02
  0.46839440E+01 -0.69644055E+02
  0.46951533E+01 -0.69644055E+02
  0.47063625E+01 -0.69644050E+02
  0.47175718E+01 -0.69644041E+02
  0.47287810E+01 -0.69644028E+02
  0.47399567E+01 -0.69643996E+02
  0.47511323E+01 -0.69643914E+02
  0.47623080E+01 -0.69643793E+02
  0.47734836E+01 -0.69643636E+02
  0.47846593E+01 -0.69643445E+02
  0.47958349E+01 -0.69643220E+02
  0.48070106E+01 -0.69642963E+02
  0.48181862E+01 -0.69642675E+02
  0.48293619E+01 -0.69642356E+02
  0.48405375E+01 -0.69642008E+02
  0.48517132E+01 -0.69641632E+02
  0.48628889E+01 -0.69641229E+02
  0.48740645E+01 -0.69640801E+02
  0.48852402E+01 -0.69640347E+02
  0.48964158E+01 -0.69639871E+02
  0.49075915E+01 -0.69639373E+02
  0.49187671E+01 -0.69638854E+02
  0.49299428E+01 -0.69638317E+02
  0.49411184E+01 -0.69637763E+02
  0.49522941E+01 -0.69637193E+02
  0.49634697E+01 -0.69636609E+02
  0.49746454E+01 -0.69636012E+02
  0.49858210E+01 -0.69635402E+02
  0.49969967E+01 -0.69634742E+02
  0.50081724E+01 -0.69634023E+02
  0.50193480E+01 -0.69633291E+02
  0.50305237E+01 -0.69632553E+02
  0.50416993E+01 -0.69631812E+02
  0.50528750E+01 -0.69631071E+02
  0.50640506E+01 -0.69630332E+02
  0.50752263E+01 -0.69629599E+02
  0.50864019E+01 -0.69628875E+02
  0.50975776E+01 -0.69628162E+02
  0.51087532E+01 -0.69627463E+02
  0.51199289E+01 -0.69626781E+02
  0.51311045E+01 -0.69626117E+02
  0.51422802E+01 -0.69625475E+02
  0.51534559E+01 -0.69624857E+02
  0.51646315E+01 -0.69624264E+02
  0.51758072E+01 -0.69623700E+02
  0.51869828E+01 -0.69623165E+02
  0.51981585E+01 -0.69622662E+02
  0.52093341E+01 -0.69622193E+02
  0.52205098E+01 -0.69621760E+02
  0.52316854E+01 -0.69621362E+02
  0.52428611E+01 -0.69621003E+02
  0.52540367E+01 -0.69620684E+02
  0.52652124E+01 -0.69620404E+02
  0.52763880E+01 -0.69620167E+02
  0.52875637E+01 -0.69619971E+02
  0.52987394E+01 -0.69619818E+02
  0.53099150E+01 -0.69619708E+02
  0.53210907E+01 -0.69619642E+02
  0.53322663E+01 -0.69619620E+02
  
