  0.00000000E+00 -0.57001918E+01
  0.11570131E-01 -0.56997707E+01
  0.23140261E-01 -0.56985071E+01
  0.34710392E-01 -0.56963992E+01
  0.46280522E-01 -0.56934445E+01
  0.57850653E-01 -0.56896395E+01
  0.69420784E-01 -0.56849798E+01
  0.80990914E-01 -0.56794604E+01
  0.92561045E-01 -0.56730755E+01
  0.10413118E+00 -0.56658191E+01
  0.11570131E+00 -0.56576850E+01
  0.12727144E+00 -0.56486667E+01
  0.13884157E+00 -0.56387581E+01
  0.15041170E+00 -0.56279531E+01
  0.16198183E+00 -0.56162462E+01
  0.17355196E+00 -0.56036327E+01
  0.18512209E+00 -0.55901083E+01
  0.19669222E+00 -0.55756699E+01
  0.20826235E+00 -0.55603153E+01
  0.21983248E+00 -0.55440432E+01
  0.23140261E+00 -0.55268537E+01
  0.24297274E+00 -0.55087481E+01
  0.25454287E+00 -0.54897287E+01
  0.26611300E+00 -0.54697993E+01
  0.27768313E+00 -0.54489647E+01
  0.28925327E+00 -0.54272309E+01
  0.30082340E+00 -0.54046050E+01
  0.31239353E+00 -0.53810951E+01
  0.32396366E+00 -0.53567102E+01
  0.33553379E+00 -0.53314600E+01
  0.34710392E+00 -0.53053550E+01
  0.35867405E+00 -0.52784060E+01
  0.37024418E+00 -0.52506243E+01
  0.38181431E+00 -0.52220211E+01
  0.39338444E+00 -0.51926078E+01
  0.40495457E+00 -0.51623955E+01
  0.41652470E+00 -0.51313947E+01
  0.42809483E+00 -0.50996154E+01
  0.43966496E+00 -0.50670668E+01
  0.45123509E+00 -0.50337570E+01
  0.46280522E+00 -0.49996930E+01
  0.47437535E+00 -0.49648805E+01
  0.48594549E+00 -0.49293235E+01
  0.49751562E+00 -0.48930246E+01
  0.50908575E+00 -0.48559846E+01
  0.52065588E+00 -0.48182029E+01
  0.53222601E+00 -0.47796767E+01
  0.54379614E+00 -0.47404018E+01
  0.55536627E+00 -0.47003724E+01
  0.56693640E+00 -0.46595810E+01
  0.57850653E+00 -0.46180190E+01
  0.59007666E+00 -0.45756763E+01
  0.60164679E+00 -0.45325421E+01
  0.61321692E+00 -0.44886048E+01
  0.62478705E+00 -0.44438526E+01
  0.63635718E+00 -0.43982734E+01
  0.64792731E+00 -0.43518553E+01
  0.65949744E+00 -0.43045870E+01
  0.67106758E+00 -0.42564582E+01
  0.68263771E+00 -0.42074595E+01
  0.69420784E+00 -0.41575830E+01
  0.70577797E+00 -0.41068225E+01
  0.71734810E+00 -0.40551738E+01
  0.72891823E+00 -0.40026346E+01
  0.74048836E+00 -0.39492048E+01
  0.75205849E+00 -0.38948869E+01
  0.76362862E+00 -0.38396854E+01
  0.77519875E+00 -0.37836074E+01
  0.78676888E+00 -0.37266621E+01
  0.79833901E+00 -0.36688611E+01
  0.80990914E+00 -0.36102178E+01
  0.82147927E+00 -0.35507479E+01
  0.83304940E+00 -0.34904684E+01
  0.84461953E+00 -0.34293982E+01
  0.85618966E+00 -0.33675572E+01
  0.86775980E+00 -0.33049663E+01
  0.87932993E+00 -0.32416474E+01
  0.89090006E+00 -0.31776227E+01
  0.90247019E+00 -0.31129150E+01
  0.91404032E+00 -0.30475468E+01
  0.92561045E+00 -0.29815407E+01
  0.93718058E+00 -0.29149188E+01
  0.94875071E+00 -0.28477029E+01
  0.96032084E+00 -0.27799138E+01
  0.97189097E+00 -0.27115716E+01
  0.98346110E+00 -0.26426954E+01
  0.99503123E+00 -0.25733032E+01
  0.10066014E+01 -0.25034116E+01
  0.10181715E+01 -0.24330362E+01
  0.10297416E+01 -0.23621907E+01
  0.10413118E+01 -0.22908876E+01
  0.10528819E+01 -0.22191378E+01
  0.10644520E+01 -0.21469503E+01
  0.10760221E+01 -0.20743323E+01
  0.10875923E+01 -0.20012892E+01
  0.10991624E+01 -0.19278246E+01
  0.11107325E+01 -0.18539397E+01
  0.11223027E+01 -0.17796339E+01
  0.11338728E+01 -0.17049044E+01
  0.11454429E+01 -0.16297461E+01
  0.11570131E+01 -0.15541519E+01
  0.11685832E+01 -0.15540069E+01
  0.11801533E+01 -0.15535722E+01
  0.11917235E+01 -0.15528488E+01
  0.12032936E+01 -0.15518385E+01
  0.12148637E+01 -0.15505437E+01
  0.12264338E+01 -0.15489677E+01
  0.12380040E+01 -0.15471144E+01
  0.12495741E+01 -0.15449884E+01
  0.12611442E+01 -0.15425954E+01
  0.12727144E+01 -0.15399416E+01
  0.12842845E+01 -0.15370341E+01
  0.12958546E+01 -0.15338810E+01
  0.13074248E+01 -0.15304912E+01
  0.13189949E+01 -0.15268746E+01
  0.13305650E+01 -0.15230419E+01
  0.13421352E+01 -0.15190050E+01
  0.13537053E+01 -0.15147766E+01
  0.13652754E+01 -0.15103704E+01
  0.13768455E+01 -0.15058014E+01
  0.13884157E+01 -0.15010852E+01
  0.13999858E+01 -0.14962387E+01
  0.14115559E+01 -0.14912796E+01
  0.14231261E+01 -0.14862265E+01
  0.14346962E+01 -0.14810991E+01
  0.14462663E+01 -0.14759177E+01
  0.14578365E+01 -0.14707032E+01
  0.14694066E+01 -0.14654773E+01
  0.14809767E+01 -0.14602621E+01
  0.14925468E+01 -0.14550801E+01
  0.15041170E+01 -0.14499540E+01
  0.15156871E+01 -0.14449064E+01
  0.15272572E+01 -0.14399600E+01
  0.15388274E+01 -0.14351371E+01
  0.15503975E+01 -0.14304597E+01
  0.15619676E+01 -0.14259491E+01
  0.15735378E+01 -0.14216260E+01
  0.15851079E+01 -0.14175102E+01
  0.15966780E+01 -0.14136203E+01
  0.16082482E+01 -0.14099743E+01
  0.16198183E+01 -0.14065885E+01
  0.16313884E+01 -0.14034782E+01
  0.16429585E+01 -0.14006575E+01
  0.16545287E+01 -0.13981387E+01
  0.16660988E+01 -0.13959332E+01
  0.16776689E+01 -0.13940505E+01
  0.16892391E+01 -0.13924988E+01
  0.17008092E+01 -0.13912850E+01
  0.17123793E+01 -0.13904142E+01
  0.17239495E+01 -0.13898903E+01
  0.17355196E+01 -0.13897154E+01
  0.17472072E+01 -0.14209692E+01
  0.17588948E+01 -0.14514010E+01
  0.17705824E+01 -0.14810292E+01
  0.17822700E+01 -0.15098680E+01
  0.17939576E+01 -0.15379271E+01
  0.18056452E+01 -0.15652112E+01
  0.18173328E+01 -0.15917202E+01
  0.18290204E+01 -0.16174495E+01
  0.18407080E+01 -0.16423902E+01
  0.18523956E+01 -0.16665297E+01
  0.18640832E+01 -0.16898522E+01
  0.18757708E+01 -0.17123393E+01
  0.18874583E+01 -0.17339710E+01
  0.18991459E+01 -0.17547263E+01
  0.19108335E+01 -0.17745839E+01
  0.19225211E+01 -0.17935231E+01
  0.19342087E+01 -0.18115245E+01
  0.19458963E+01 -0.18285705E+01
  0.19575839E+01 -0.18446456E+01
  0.19692715E+01 -0.18597374E+01
  0.19809591E+01 -0.18738361E+01
  0.19926467E+01 -0.18869354E+01
  0.20043343E+01 -0.18990317E+01
  0.20160219E+01 -0.19101246E+01
  0.20277095E+01 -0.19202163E+01
  0.20393971E+01 -0.19293112E+01
  0.20510847E+01 -0.19374159E+01
  0.20627723E+01 -0.19445382E+01
  0.20744599E+01 -0.19506866E+01
  0.20861475E+01 -0.19558700E+01
  0.20978351E+01 -0.19600972E+01
  0.21095227E+01 -0.19633759E+01
  0.21212103E+01 -0.19657127E+01
  0.21328979E+01 -0.19671128E+01
  0.21445855E+01 -0.19675791E+01
  0.21561628E+01 -0.20001208E+01
  0.21677402E+01 -0.20341217E+01
  0.21793175E+01 -0.20695694E+01
  0.21908948E+01 -0.21064454E+01
  0.22024722E+01 -0.21447251E+01
  0.22140495E+01 -0.21843773E+01
  0.22256268E+01 -0.22253642E+01
  0.22372042E+01 -0.22676414E+01
  0.22487815E+01 -0.23111573E+01
  0.22603588E+01 -0.23558540E+01
  0.22719362E+01 -0.24016670E+01
  0.22835135E+01 -0.24485261E+01
  0.22950909E+01 -0.24963558E+01
  0.23066682E+01 -0.25450761E+01
  0.23182455E+01 -0.25946035E+01
  0.23298229E+01 -0.26448523E+01
  0.23414002E+01 -0.26957352E+01
  0.23529775E+01 -0.27471648E+01
  0.23645549E+01 -0.27990548E+01
  0.23761322E+01 -0.28513213E+01
  0.23877095E+01 -0.29038835E+01
  0.23992869E+01 -0.29566648E+01
  0.24108642E+01 -0.30095939E+01
  0.24224416E+01 -0.30626050E+01
  0.24340189E+01 -0.31156387E+01
  0.24455962E+01 -0.31686422E+01
  0.24571736E+01 -0.32215691E+01
  0.24687509E+01 -0.32743796E+01
  0.24803282E+01 -0.33270401E+01
  0.24919056E+01 -0.33795229E+01
  0.25034829E+01 -0.34318055E+01
  0.25150602E+01 -0.34838696E+01
  0.25266376E+01 -0.35357012E+01
  0.25382149E+01 -0.35872887E+01
  0.25497923E+01 -0.36386228E+01
  0.25613696E+01 -0.36896955E+01
  0.25729469E+01 -0.37404990E+01
  0.25845243E+01 -0.37910253E+01
  0.25961016E+01 -0.38412653E+01
  0.26076789E+01 -0.38912083E+01
  0.26192563E+01 -0.39408416E+01
  0.26308336E+01 -0.39901502E+01
  0.26424110E+01 -0.40391163E+01
  0.26539883E+01 -0.40877195E+01
  0.26655656E+01 -0.41359371E+01
  0.26771430E+01 -0.41837435E+01
  0.26887203E+01 -0.42311114E+01
  0.27002976E+01 -0.42780112E+01
  0.27118750E+01 -0.43244125E+01
  0.27234523E+01 -0.43702837E+01
  0.27350296E+01 -0.44155931E+01
  0.27466070E+01 -0.44603091E+01
  0.27581843E+01 -0.45044011E+01
  0.27697617E+01 -0.45478396E+01
  0.27813390E+01 -0.45905972E+01
  0.27929163E+01 -0.46326483E+01
  0.28044937E+01 -0.46739702E+01
  0.28160710E+01 -0.47145429E+01
  0.28276483E+01 -0.47543494E+01
  0.28392257E+01 -0.47933756E+01
  0.28508030E+01 -0.48316106E+01
  0.28623803E+01 -0.48690463E+01
  0.28739577E+01 -0.49056774E+01
  0.28855350E+01 -0.49415007E+01
  0.28971124E+01 -0.49765157E+01
  0.29086897E+01 -0.50107230E+01
  0.29202670E+01 -0.50441250E+01
  0.29318444E+01 -0.50767247E+01
  0.29434217E+01 -0.51085256E+01
  0.29549990E+01 -0.51395313E+01
  0.29665764E+01 -0.51697451E+01
  0.29781537E+01 -0.51991695E+01
  0.29897310E+01 -0.52278062E+01
  0.30013084E+01 -0.52556556E+01
  0.30128857E+01 -0.52827167E+01
  0.30244631E+01 -0.53089871E+01
  0.30360404E+01 -0.53344631E+01
  0.30476177E+01 -0.53591393E+01
  0.30591951E+01 -0.53830092E+01
  0.30707724E+01 -0.54060652E+01
  0.30823497E+01 -0.54282985E+01
  0.30939271E+01 -0.54497000E+01
  0.31055044E+01 -0.54702599E+01
  0.31170817E+01 -0.54899687E+01
  0.31286591E+01 -0.55088168E+01
  0.31402364E+01 -0.55267952E+01
  0.31518138E+01 -0.55438959E+01
  0.31633911E+01 -0.55601116E+01
  0.31749684E+01 -0.55754366E+01
  0.31865458E+01 -0.55898662E+01
  0.31981231E+01 -0.56033975E+01
  0.32097004E+01 -0.56160290E+01
  0.32212778E+01 -0.56277606E+01
  0.32328551E+01 -0.56385940E+01
  0.32444325E+01 -0.56485318E+01
  0.32560098E+01 -0.56575779E+01
  0.32675871E+01 -0.56657372E+01
  0.32791645E+01 -0.56730152E+01
  0.32907418E+01 -0.56794179E+01
  0.33023191E+01 -0.56849514E+01
  0.33138965E+01 -0.56896216E+01
  0.33254738E+01 -0.56934341E+01
  0.33370511E+01 -0.56963938E+01
  0.33486285E+01 -0.56985048E+01
  0.33602058E+01 -0.56997702E+01
  0.33717832E+01 -0.57001918E+01
  0.33833004E+01 -0.56997745E+01
  0.33948177E+01 -0.56985223E+01
  0.34063350E+01 -0.56964329E+01
  0.34178522E+01 -0.56935034E+01
  0.34293695E+01 -0.56897295E+01
  0.34408868E+01 -0.56851058E+01
  0.34524041E+01 -0.56796266E+01
  0.34639213E+01 -0.56732852E+01
  0.34754386E+01 -0.56660749E+01
  0.34869559E+01 -0.56579889E+01
  0.34984731E+01 -0.56490206E+01
  0.35099904E+01 -0.56391640E+01
  0.35215077E+01 -0.56284137E+01
  0.35330250E+01 -0.56167658E+01
  0.35445422E+01 -0.56042171E+01
  0.35560595E+01 -0.55907662E+01
  0.35675768E+01 -0.55764132E+01
  0.35790941E+01 -0.55611601E+01
  0.35906113E+01 -0.55450106E+01
  0.36021286E+01 -0.55279702E+01
  0.36136459E+01 -0.55100462E+01
  0.36251631E+01 -0.54912477E+01
  0.36366804E+01 -0.54715856E+01
  0.36481977E+01 -0.54510718E+01
  0.36597150E+01 -0.54297198E+01
  0.36712322E+01 -0.54075439E+01
  0.36827495E+01 -0.53845593E+01
  0.36942668E+01 -0.53607814E+01
  0.37057841E+01 -0.53362259E+01
  0.37173013E+01 -0.53109082E+01
  0.37288186E+01 -0.52848433E+01
  0.37403359E+01 -0.52580456E+01
  0.37518531E+01 -0.52305282E+01
  0.37633704E+01 -0.52023033E+01
  0.37748877E+01 -0.51733817E+01
  0.37864050E+01 -0.51437724E+01
  0.37979222E+01 -0.51134832E+01
  0.38094395E+01 -0.50825203E+01
  0.38209568E+01 -0.50508882E+01
  0.38324741E+01 -0.50185902E+01
  0.38439913E+01 -0.49856284E+01
  0.38555086E+01 -0.49520038E+01
  0.38670259E+01 -0.49177169E+01
  0.38785431E+01 -0.48827678E+01
  0.38900604E+01 -0.48471566E+01
  0.39015777E+01 -0.48108841E+01
  0.39130950E+01 -0.47739520E+01
  0.39246122E+01 -0.47363634E+01
  0.39361295E+01 -0.46981235E+01
  0.39476468E+01 -0.46592399E+01
  0.39591640E+01 -0.46197234E+01
  0.39706813E+01 -0.45795881E+01
  0.39821986E+01 -0.45388522E+01
  0.39937159E+01 -0.44975385E+01
  0.40052331E+01 -0.44556746E+01
  0.40167504E+01 -0.44132938E+01
  0.40282677E+01 -0.43704349E+01
  0.40397850E+01 -0.43271429E+01
  0.40513022E+01 -0.42834695E+01
  0.40628195E+01 -0.42394731E+01
  0.40743368E+01 -0.41952193E+01
  0.40858540E+01 -0.41507812E+01
  0.40973713E+01 -0.41062397E+01
  0.41088886E+01 -0.40616835E+01
  0.41204059E+01 -0.40172099E+01
  0.41319231E+01 -0.39729247E+01
  0.41434404E+01 -0.39289427E+01
  0.41549577E+01 -0.38853878E+01
  0.41664750E+01 -0.38423937E+01
  0.41779922E+01 -0.38001038E+01
  0.41895095E+01 -0.37586718E+01
  0.42010268E+01 -0.37182617E+01
  0.42125440E+01 -0.36790476E+01
  0.42240613E+01 -0.36412139E+01
  0.42355786E+01 -0.36049548E+01
  0.42470959E+01 -0.35704730E+01
  0.42586131E+01 -0.35379787E+01
  0.42701304E+01 -0.35076873E+01
  0.42816477E+01 -0.34798170E+01
  0.42931649E+01 -0.34545844E+01
  0.43046822E+01 -0.34322011E+01
  0.43161995E+01 -0.34128676E+01
  0.43277168E+01 -0.33967682E+01
  0.43392340E+01 -0.33840647E+01
  0.43507513E+01 -0.33748902E+01
  0.43622686E+01 -0.33693444E+01
  0.43737859E+01 -0.33674889E+01
  0.43854010E+01 -0.33670700E+01
  0.43970161E+01 -0.33658125E+01
  0.44086312E+01 -0.33637136E+01
  0.44202464E+01 -0.33607686E+01
  0.44318615E+01 -0.33569715E+01
  0.44434766E+01 -0.33523148E+01
  0.44550918E+01 -0.33467899E+01
  0.44667069E+01 -0.33403878E+01
  0.44783220E+01 -0.33330988E+01
  0.44899372E+01 -0.33249134E+01
  0.45015523E+01 -0.33158228E+01
  0.45131674E+01 -0.33058187E+01
  0.45247825E+01 -0.32948943E+01
  0.45363977E+01 -0.32830442E+01
  0.45480128E+01 -0.32702651E+01
  0.45596279E+01 -0.32565557E+01
  0.45712431E+01 -0.32419169E+01
  0.45828582E+01 -0.32263525E+01
  0.45944733E+01 -0.32098682E+01
  0.46060884E+01 -0.31924727E+01
  0.46177036E+01 -0.31741768E+01
  0.46293187E+01 -0.31549936E+01
  0.46409338E+01 -0.31349381E+01
  0.46525490E+01 -0.31140270E+01
  0.46641641E+01 -0.30922785E+01
  0.46757792E+01 -0.30697117E+01
  0.46873944E+01 -0.30463461E+01
  0.46990095E+01 -0.30222017E+01
  0.47106246E+01 -0.29972981E+01
  0.47222397E+01 -0.29716545E+01
  0.47338549E+01 -0.29452890E+01
  0.47454700E+01 -0.29182188E+01
  0.47570851E+01 -0.28904594E+01
  0.47687003E+01 -0.28620252E+01
  0.47803154E+01 -0.28329286E+01
  0.47919305E+01 -0.28031809E+01
  0.48035457E+01 -0.27727921E+01
  0.48151608E+01 -0.27417711E+01
  0.48267759E+01 -0.27101263E+01
  0.48383910E+01 -0.26778665E+01
  0.48500062E+01 -0.26450011E+01
  0.48616213E+01 -0.26115413E+01
  0.48732364E+01 -0.25775014E+01
  0.48848516E+01 -0.25428999E+01
  0.48964667E+01 -0.25077612E+01
  0.49080818E+01 -0.24721173E+01
  0.49196969E+01 -0.24360105E+01
  0.49313121E+01 -0.23994954E+01
  0.49429272E+01 -0.23626427E+01
  0.49545423E+01 -0.23255427E+01
  0.49661575E+01 -0.22883104E+01
  0.49777726E+01 -0.22510909E+01
  0.49893877E+01 -0.22140671E+01
  0.50010029E+01 -0.21774682E+01
  0.50126180E+01 -0.21415804E+01
  0.50242331E+01 -0.21067596E+01
  0.50358482E+01 -0.20734450E+01
  0.50474634E+01 -0.20421731E+01
  0.50590785E+01 -0.20135878E+01
  0.50706936E+01 -0.19884418E+01
  0.50823088E+01 -0.19675791E+01
  0.50939964E+01 -0.19671128E+01
  0.51056840E+01 -0.19657127E+01
  0.51173716E+01 -0.19633759E+01
  0.51290591E+01 -0.19600972E+01
  0.51407467E+01 -0.19558700E+01
  0.51524343E+01 -0.19506866E+01
  0.51641219E+01 -0.19445382E+01
  0.51758095E+01 -0.19374159E+01
  0.51874971E+01 -0.19293112E+01
  0.51991847E+01 -0.19202163E+01
  0.52108723E+01 -0.19101246E+01
  0.52225599E+01 -0.18990317E+01
  0.52342475E+01 -0.18869354E+01
  0.52459351E+01 -0.18738361E+01
  0.52576227E+01 -0.18597374E+01
  0.52693103E+01 -0.18446456E+01
  0.52809979E+01 -0.18285705E+01
  0.52926855E+01 -0.18115245E+01
  0.53043731E+01 -0.17935231E+01
  0.53160607E+01 -0.17745839E+01
  0.53277483E+01 -0.17547263E+01
  0.53394359E+01 -0.17339710E+01
  0.53511235E+01 -0.17123393E+01
  0.53628111E+01 -0.16898522E+01
  0.53744987E+01 -0.16665297E+01
  0.53861863E+01 -0.16423902E+01
  0.53978739E+01 -0.16174495E+01
  0.54095615E+01 -0.15917202E+01
  0.54212491E+01 -0.15652112E+01
  0.54329367E+01 -0.15379271E+01
  0.54446243E+01 -0.15098680E+01
  0.54563119E+01 -0.14810292E+01
  0.54679995E+01 -0.14514010E+01
  0.54796871E+01 -0.14209692E+01
  0.54913747E+01 -0.13897154E+01
  0.55028976E+01 -0.14339977E+01
  0.55144206E+01 -0.14785019E+01
  0.55259436E+01 -0.15231960E+01
  0.55374666E+01 -0.15680492E+01
  0.55489896E+01 -0.16130304E+01
  0.55605125E+01 -0.16581072E+01
  0.55720355E+01 -0.17032454E+01
  0.55835585E+01 -0.17484080E+01
  0.55950815E+01 -0.17935553E+01
  0.56066045E+01 -0.18386442E+01
  0.56181275E+01 -0.18836287E+01
  0.56296504E+01 -0.19284599E+01
  0.56411734E+01 -0.19730867E+01
  0.56526964E+01 -0.20174561E+01
  0.56642194E+01 -0.20615139E+01
  0.56757424E+01 -0.21052060E+01
  0.56872654E+01 -0.21484782E+01
  0.56987883E+01 -0.21912783E+01
  0.57103113E+01 -0.22335558E+01
  0.57218343E+01 -0.22752634E+01
  0.57333573E+01 -0.23163572E+01
  0.57448803E+01 -0.23567976E+01
  0.57564033E+01 -0.23965495E+01
  0.57679262E+01 -0.24355829E+01
  0.57794492E+01 -0.24738727E+01
  0.57909722E+01 -0.25113989E+01
  0.58024952E+01 -0.25481465E+01
  0.58140182E+01 -0.25841051E+01
  0.58255412E+01 -0.26192685E+01
  0.58370641E+01 -0.26536344E+01
  0.58485871E+01 -0.26872036E+01
  0.58601101E+01 -0.27199794E+01
  0.58716331E+01 -0.27519670E+01
  0.58831561E+01 -0.27831728E+01
  0.58946791E+01 -0.28136035E+01
  0.59062020E+01 -0.28432659E+01
  0.59177250E+01 -0.28721659E+01
  0.59292480E+01 -0.29003082E+01
  0.59407710E+01 -0.29276959E+01
  0.59522940E+01 -0.29543302E+01
  0.59638169E+01 -0.29802100E+01
  0.59753399E+01 -0.30053321E+01
  0.59868629E+01 -0.30296910E+01
  0.59983859E+01 -0.30532789E+01
  0.60099089E+01 -0.30760866E+01
  0.60214319E+01 -0.30981028E+01
  0.60329548E+01 -0.31193153E+01
  0.60444778E+01 -0.31397109E+01
  0.60560008E+01 -0.31592760E+01
  0.60675238E+01 -0.31779974E+01
  0.60790468E+01 -0.31958620E+01
  0.60905698E+01 -0.32128579E+01
  0.61020927E+01 -0.32289745E+01
  0.61136157E+01 -0.32442029E+01
  0.61251387E+01 -0.32585361E+01
  0.61366617E+01 -0.32719691E+01
  0.61481847E+01 -0.32844992E+01
  0.61597077E+01 -0.32961259E+01
  0.61712306E+01 -0.33068506E+01
  0.61827536E+01 -0.33166769E+01
  0.61942766E+01 -0.33256100E+01
  0.62057996E+01 -0.33336566E+01
  0.62173226E+01 -0.33408243E+01
  0.62288456E+01 -0.33471215E+01
  0.62403685E+01 -0.33525568E+01
  0.62518915E+01 -0.33571387E+01
  0.62634145E+01 -0.33608752E+01
  0.62749375E+01 -0.33637733E+01
  0.62864605E+01 -0.33658390E+01
  0.62979834E+01 -0.33670766E+01
  0.63095064E+01 -0.33674889E+01
  0.63211216E+01 -0.33670700E+01
  0.63327367E+01 -0.33658125E+01
  0.63443518E+01 -0.33637136E+01
  0.63559670E+01 -0.33607686E+01
  0.63675821E+01 -0.33569715E+01
  0.63791972E+01 -0.33523148E+01
  0.63908123E+01 -0.33467899E+01
  0.64024275E+01 -0.33403878E+01
  0.64140426E+01 -0.33330988E+01
  0.64256577E+01 -0.33249134E+01
  0.64372729E+01 -0.33158228E+01
  0.64488880E+01 -0.33058187E+01
  0.64605031E+01 -0.32948943E+01
  0.64721182E+01 -0.32830442E+01
  0.64837334E+01 -0.32702651E+01
  0.64953485E+01 -0.32565557E+01
  0.65069636E+01 -0.32419169E+01
  0.65185788E+01 -0.32263525E+01
  0.65301939E+01 -0.32098682E+01
  0.65418090E+01 -0.31924727E+01
  0.65534242E+01 -0.31741768E+01
  0.65650393E+01 -0.31549936E+01
  0.65766544E+01 -0.31349381E+01
  0.65882695E+01 -0.31140270E+01
  0.65998847E+01 -0.30922785E+01
  0.66114998E+01 -0.30697117E+01
  0.66231149E+01 -0.30463461E+01
  0.66347301E+01 -0.30222017E+01
  0.66463452E+01 -0.29972981E+01
  0.66579603E+01 -0.29716545E+01
  0.66695755E+01 -0.29452890E+01
  0.66811906E+01 -0.29182188E+01
  0.66928057E+01 -0.28904594E+01
  0.67044208E+01 -0.28620252E+01
  0.67160360E+01 -0.28329286E+01
  0.67276511E+01 -0.28031809E+01
  0.67392662E+01 -0.27727921E+01
  0.67508814E+01 -0.27417711E+01
  0.67624965E+01 -0.27101263E+01
  0.67741116E+01 -0.26778665E+01
  0.67857267E+01 -0.26450011E+01
  0.67973419E+01 -0.26115413E+01
  0.68089570E+01 -0.25775014E+01
  0.68205721E+01 -0.25428999E+01
  0.68321873E+01 -0.25077612E+01
  0.68438024E+01 -0.24721173E+01
  0.68554175E+01 -0.24360105E+01
  0.68670327E+01 -0.23994954E+01
  0.68786478E+01 -0.23626427E+01
  0.68902629E+01 -0.23255427E+01
  0.69018780E+01 -0.22883104E+01
  0.69134932E+01 -0.22510909E+01
  0.69251083E+01 -0.22140671E+01
  0.69367234E+01 -0.21774682E+01
  0.69483386E+01 -0.21415804E+01
  0.69599537E+01 -0.21067596E+01
  0.69715688E+01 -0.20734450E+01
  0.69831839E+01 -0.20421731E+01
  0.69947991E+01 -0.20135878E+01
  0.70064142E+01 -0.19884418E+01
  0.70180293E+01 -0.19675791E+01
  0.70180293E+01 -0.19675791E+01
  0.70297169E+01 -0.19362148E+01
  0.70414045E+01 -0.19063466E+01
  0.70530921E+01 -0.18779710E+01
  0.70647797E+01 -0.18510796E+01
  0.70764673E+01 -0.18256595E+01
  0.70881549E+01 -0.18016927E+01
  0.70998425E+01 -0.17791573E+01
  0.71115301E+01 -0.17580268E+01
  0.71232177E+01 -0.17382704E+01
  0.71349053E+01 -0.17198534E+01
  0.71465929E+01 -0.17027373E+01
  0.71582805E+01 -0.16868796E+01
  0.71699681E+01 -0.16722349E+01
  0.71816557E+01 -0.16587546E+01
  0.71933433E+01 -0.16463876E+01
  0.72050309E+01 -0.16350809E+01
  0.72167185E+01 -0.16247799E+01
  0.72284061E+01 -0.16154291E+01
  0.72400937E+01 -0.16069727E+01
  0.72517813E+01 -0.15993550E+01
  0.72634689E+01 -0.15925212E+01
  0.72751565E+01 -0.15864179E+01
  0.72868441E+01 -0.15809933E+01
  0.72985317E+01 -0.15761982E+01
  0.73102193E+01 -0.15719858E+01
  0.73219069E+01 -0.15683124E+01
  0.73335945E+01 -0.15651379E+01
  0.73452821E+01 -0.15624255E+01
  0.73569696E+01 -0.15601426E+01
  0.73686572E+01 -0.15582603E+01
  0.73803448E+01 -0.15567540E+01
  0.73920324E+01 -0.15556037E+01
  0.74037200E+01 -0.15547934E+01
  0.74154076E+01 -0.15543117E+01
  0.74270952E+01 -0.15541519E+01
  
  0.00000000E+00  0.62660659E+01
  0.11570131E-01  0.62634819E+01
  0.23140261E-01  0.62557399E+01
  0.34710392E-01  0.62428702E+01
  0.46280522E-01  0.62249224E+01
  0.57850653E-01  0.62019658E+01
  0.69420784E-01  0.61740885E+01
  0.80990914E-01  0.61413965E+01
  0.92561045E-01  0.61040132E+01
  0.10413118E+00  0.60620781E+01
  0.11570131E+00  0.60157460E+01
  0.12727144E+00  0.59651857E+01
  0.13884157E+00  0.59105788E+01
  0.15041170E+00  0.58521185E+01
  0.16198183E+00  0.57900080E+01
  0.17355196E+00  0.57244592E+01
  0.18512209E+00  0.56556915E+01
  0.19669222E+00  0.55839300E+01
  0.20826235E+00  0.55094045E+01
  0.21983248E+00  0.54323474E+01
  0.23140261E+00  0.53529927E+01
  0.24297274E+00  0.52715744E+01
  0.25454287E+00  0.51883248E+01
  0.26611300E+00  0.51034732E+01
  0.27768313E+00  0.50172443E+01
  0.28925327E+00  0.49298566E+01
  0.30082340E+00  0.48415210E+01
  0.31239353E+00  0.47524396E+01
  0.32396366E+00  0.46628036E+01
  0.33553379E+00  0.45727926E+01
  0.34710392E+00  0.44825729E+01
  0.35867405E+00  0.43922965E+01
  0.37024418E+00  0.43020999E+01
  0.38181431E+00  0.42121034E+01
  0.39338444E+00  0.41224098E+01
  0.40495457E+00  0.40331047E+01
  0.41652470E+00  0.39442553E+01
  0.42809483E+00  0.38559108E+01
  0.43966496E+00  0.37681023E+01
  0.45123509E+00  0.36808433E+01
  0.46280522E+00  0.35941306E+01
  0.47437535E+00  0.35079446E+01
  0.48594549E+00  0.34222512E+01
  0.49751562E+00  0.33370027E+01
  0.50908575E+00  0.32521397E+01
  0.52065588E+00  0.31675930E+01
  0.53222601E+00  0.30832853E+01
  0.54379614E+00  0.29991336E+01
  0.55536627E+00  0.29150510E+01
  0.56693640E+00  0.28309493E+01
  0.57850653E+00  0.27467411E+01
  0.59007666E+00  0.26623415E+01
  0.60164679E+00  0.25776708E+01
  0.61321692E+00  0.24926556E+01
  0.62478705E+00  0.24072309E+01
  0.63635718E+00  0.23213413E+01
  0.64792731E+00  0.22349423E+01
  0.65949744E+00  0.21480010E+01
  0.67106758E+00  0.20604969E+01
  0.68263771E+00  0.19724217E+01
  0.69420784E+00  0.18837799E+01
  0.70577797E+00  0.17945882E+01
  0.71734810E+00  0.17048749E+01
  0.72891823E+00  0.16146792E+01
  0.74048836E+00  0.15240502E+01
  0.75205849E+00  0.14330455E+01
  0.76362862E+00  0.13417303E+01
  0.77519875E+00  0.12501756E+01
  0.78676888E+00  0.11584569E+01
  0.79833901E+00  0.10666524E+01
  0.80990914E+00  0.97484214E+00
  0.82147927E+00  0.88310584E+00
  0.83304940E+00  0.79152198E+00
  0.84461953E+00  0.70016641E+00
  0.85618966E+00  0.60911121E+00
  0.86775980E+00  0.51842379E+00
  0.87932993E+00  0.42816603E+00
  0.89090006E+00  0.33839366E+00
  0.90247019E+00  0.24915578E+00
  0.91404032E+00  0.16049461E+00
  0.92561045E+00  0.72445308E-01
  0.93718058E+00 -0.14963964E-01
  0.94875071E+00 -0.10171190E+00
  0.96032084E+00 -0.18778375E+00
  0.97189097E+00 -0.27317091E+00
  0.98346110E+00 -0.35787046E+00
  0.99503123E+00 -0.44188458E+00
  0.10066014E+01 -0.52521997E+00
  0.10181715E+01 -0.60788715E+00
  0.10297416E+01 -0.68989989E+00
  0.10413118E+01 -0.77127446E+00
  0.10528819E+01 -0.85202907E+00
  0.10644520E+01 -0.93218319E+00
  0.10760221E+01 -0.10117570E+01
  0.10875923E+01 -0.10907710E+01
  0.10991624E+01 -0.11692451E+01
  0.11107325E+01 -0.12471987E+01
  0.11223027E+01 -0.13246502E+01
  0.11338728E+01 -0.14016164E+01
  0.11454429E+01 -0.14781125E+01
  0.11570131E+01 -0.15541519E+01
  0.11685832E+01 -0.15540069E+01
  0.11801533E+01 -0.15535722E+01
  0.11917235E+01 -0.15528488E+01
  0.12032936E+01 -0.15518384E+01
  0.12148637E+01 -0.15505436E+01
  0.12264338E+01 -0.15489676E+01
  0.12380040E+01 -0.15471143E+01
  0.12495741E+01 -0.15449883E+01
  0.12611442E+01 -0.15425953E+01
  0.12727144E+01 -0.15399414E+01
  0.12842845E+01 -0.15370339E+01
  0.12958546E+01 -0.15338808E+01
  0.13074248E+01 -0.15304910E+01
  0.13189949E+01 -0.15268744E+01
  0.13305650E+01 -0.15230417E+01
  0.13421352E+01 -0.15190048E+01
  0.13537053E+01 -0.15147764E+01
  0.13652754E+01 -0.15103703E+01
  0.13768455E+01 -0.15058012E+01
  0.13884157E+01 -0.15010851E+01
  0.13999858E+01 -0.14962386E+01
  0.14115559E+01 -0.14912795E+01
  0.14231261E+01 -0.14862265E+01
  0.14346962E+01 -0.14810991E+01
  0.14462663E+01 -0.14759177E+01
  0.14578365E+01 -0.14707032E+01
  0.14694066E+01 -0.14654773E+01
  0.14809767E+01 -0.14602621E+01
  0.14925468E+01 -0.14550801E+01
  0.15041170E+01 -0.14499540E+01
  0.15156871E+01 -0.14449064E+01
  0.15272572E+01 -0.14399600E+01
  0.15388274E+01 -0.14351371E+01
  0.15503975E+01 -0.14304597E+01
  0.15619676E+01 -0.14259491E+01
  0.15735378E+01 -0.14216260E+01
  0.15851079E+01 -0.14175101E+01
  0.15966780E+01 -0.14136203E+01
  0.16082482E+01 -0.14099742E+01
  0.16198183E+01 -0.14065885E+01
  0.16313884E+01 -0.14034782E+01
  0.16429585E+01 -0.14006574E+01
  0.16545287E+01 -0.13981387E+01
  0.16660988E+01 -0.13959332E+01
  0.16776689E+01 -0.13940504E+01
  0.16892391E+01 -0.13924988E+01
  0.17008092E+01 -0.13912850E+01
  0.17123793E+01 -0.13904142E+01
  0.17239495E+01 -0.13898903E+01
  0.17355196E+01 -0.13897154E+01
  0.17472072E+01 -0.13587736E+01
  0.17588948E+01 -0.13292840E+01
  0.17705824E+01 -0.13012309E+01
  0.17822700E+01 -0.12745953E+01
  0.17939576E+01 -0.12493554E+01
  0.18056452E+01 -0.12254870E+01
  0.18173328E+01 -0.12029632E+01
  0.18290204E+01 -0.11817551E+01
  0.18407080E+01 -0.11618315E+01
  0.18523956E+01 -0.11431590E+01
  0.18640832E+01 -0.11257022E+01
  0.18757708E+01 -0.11094237E+01
  0.18874583E+01 -0.10942842E+01
  0.18991459E+01 -0.10802422E+01
  0.19108335E+01 -0.10672552E+01
  0.19225211E+01 -0.10552789E+01
  0.19342087E+01 -0.10442681E+01
  0.19458963E+01 -0.10341769E+01
  0.19575839E+01 -0.10249594E+01
  0.19692715E+01 -0.10165696E+01
  0.19809591E+01 -0.10089623E+01
  0.19926467E+01 -0.10020932E+01
  0.20043343E+01 -0.99591977E+00
  0.20160219E+01 -0.99040107E+00
  0.20277095E+01 -0.98549855E+00
  0.20393971E+01 -0.98117620E+00
  0.20510847E+01 -0.97740080E+00
  0.20627723E+01 -0.97414221E+00
  0.20744599E+01 -0.97137348E+00
  0.20861475E+01 -0.96907106E+00
  0.20978351E+01 -0.96721486E+00
  0.21095227E+01 -0.96578837E+00
  0.21212103E+01 -0.96477868E+00
  0.21328979E+01 -0.96417657E+00
  0.21445855E+01 -0.96397649E+00
  0.21561628E+01 -0.93050764E+00
  0.21677402E+01 -0.89609958E+00
  0.21793175E+01 -0.86073198E+00
  0.21908948E+01 -0.82438395E+00
  0.22024722E+01 -0.78703489E+00
  0.22140495E+01 -0.74866541E+00
  0.22256268E+01 -0.70925824E+00
  0.22372042E+01 -0.66879910E+00
  0.22487815E+01 -0.62727752E+00
  0.22603588E+01 -0.58468756E+00
  0.22719362E+01 -0.54102842E+00
  0.22835135E+01 -0.49630487E+00
  0.22950909E+01 -0.45052754E+00
  0.23066682E+01 -0.40371299E+00
  0.23182455E+01 -0.35588359E+00
  0.23298229E+01 -0.30706719E+00
  0.23414002E+01 -0.25729654E+00
  0.23529775E+01 -0.20660864E+00
  0.23645549E+01 -0.15504372E+00
  0.23761322E+01 -0.10264425E+00
  0.23877095E+01 -0.49453685E-01
  0.23992869E+01  0.44847817E-02
  0.24108642E+01  0.59129588E-01
  0.24224416E+01  0.11444214E+00
  0.24340189E+01  0.17038812E+00
  0.24455962E+01  0.22693874E+00
  0.24571736E+01  0.28407179E+00
  0.24687509E+01  0.34177263E+00
  0.24803282E+01  0.40003488E+00
  0.24919056E+01  0.45886096E+00
  0.25034829E+01  0.51826224E+00
  0.25150602E+01  0.57825906E+00
  0.25266376E+01  0.63888037E+00
  0.25382149E+01  0.70016307E+00
  0.25497923E+01  0.76215116E+00
  0.25613696E+01  0.82489452E+00
  0.25729469E+01  0.88844755E+00
  0.25845243E+01  0.95286756E+00
  0.25961016E+01  0.10182130E+01
  0.26076789E+01  0.10845418E+01
  0.26192563E+01  0.11519092E+01
  0.26308336E+01  0.12203660E+01
  0.26424110E+01  0.12899569E+01
  0.26539883E+01  0.13607188E+01
  0.26655656E+01  0.14326791E+01
  0.26771430E+01  0.15058549E+01
  0.26887203E+01  0.15802517E+01
  0.27002976E+01  0.16558629E+01
  0.27118750E+01  0.17326699E+01
  0.27234523E+01  0.18106416E+01
  0.27350296E+01  0.18897357E+01
  0.27466070E+01  0.19698991E+01
  0.27581843E+01  0.20510691E+01
  0.27697617E+01  0.21331755E+01
  0.27813390E+01  0.22161421E+01
  0.27929163E+01  0.22998889E+01
  0.28044937E+01  0.23843346E+01
  0.28160710E+01  0.24693987E+01
  0.28276483E+01  0.25550041E+01
  0.28392257E+01  0.26410794E+01
  0.28508030E+01  0.27275614E+01
  0.28623803E+01  0.28143966E+01
  0.28739577E+01  0.29015432E+01
  0.28855350E+01  0.29889723E+01
  0.28971124E+01  0.30766689E+01
  0.29086897E+01  0.31646322E+01
  0.29202670E+01  0.32528752E+01
  0.29318444E+01  0.33414244E+01
  0.29434217E+01  0.34303180E+01
  0.29549990E+01  0.35196044E+01
  0.29665764E+01  0.36093396E+01
  0.29781537E+01  0.36995840E+01
  0.29897310E+01  0.37903995E+01
  0.30013084E+01  0.38818452E+01
  0.30128857E+01  0.39739735E+01
  0.30244631E+01  0.40668257E+01
  0.30360404E+01  0.41604280E+01
  0.30476177E+01  0.42547864E+01
  0.30591951E+01  0.43498831E+01
  0.30707724E+01  0.44456722E+01
  0.30823497E+01  0.45420763E+01
  0.30939271E+01  0.46389830E+01
  0.31055044E+01  0.47362430E+01
  0.31170817E+01  0.48336678E+01
  0.31286591E+01  0.49310289E+01
  0.31402364E+01  0.50280575E+01
  0.31518138E+01  0.51244454E+01
  0.31633911E+01  0.52198464E+01
  0.31749684E+01  0.53138789E+01
  0.31865458E+01  0.54061292E+01
  0.31981231E+01  0.54961558E+01
  0.32097004E+01  0.55834948E+01
  0.32212778E+01  0.56676648E+01
  0.32328551E+01  0.57481743E+01
  0.32444325E+01  0.58245275E+01
  0.32560098E+01  0.58962323E+01
  0.32675871E+01  0.59628069E+01
  0.32791645E+01  0.60237880E+01
  0.32907418E+01  0.60787376E+01
  0.33023191E+01  0.61272500E+01
  0.33138965E+01  0.61689588E+01
  0.33254738E+01  0.62035428E+01
  0.33370511E+01  0.62307312E+01
  0.33486285E+01  0.62503087E+01
  0.33602058E+01  0.62621186E+01
  0.33717832E+01  0.62660659E+01
  0.33833004E+01  0.62617101E+01
  0.33948177E+01  0.62486737E+01
  0.34063350E+01  0.62270484E+01
  0.34178522E+01  0.61969856E+01
  0.34293695E+01  0.61586943E+01
  0.34408868E+01  0.61124378E+01
  0.34524041E+01  0.60585298E+01
  0.34639213E+01  0.59973304E+01
  0.34754386E+01  0.59292400E+01
  0.34869559E+01  0.58546944E+01
  0.34984731E+01  0.57741588E+01
  0.35099904E+01  0.56881206E+01
  0.35215077E+01  0.55970838E+01
  0.35330250E+01  0.55015619E+01
  0.35445422E+01  0.54020715E+01
  0.35560595E+01  0.52991261E+01
  0.35675768E+01  0.51932298E+01
  0.35790941E+01  0.50848717E+01
  0.35906113E+01  0.49745210E+01
  0.36021286E+01  0.48626218E+01
  0.36136459E+01  0.47495898E+01
  0.36251631E+01  0.46358082E+01
  0.36366804E+01  0.45216255E+01
  0.36481977E+01  0.44073535E+01
  0.36597150E+01  0.42932659E+01
  0.36712322E+01  0.41795981E+01
  0.36827495E+01  0.40665471E+01
  0.36942668E+01  0.39542723E+01
  0.37057841E+01  0.38428972E+01
  0.37173013E+01  0.37325113E+01
  0.37288186E+01  0.36231722E+01
  0.37403359E+01  0.35149090E+01
  0.37518531E+01  0.34077251E+01
  0.37633704E+01  0.33016014E+01
  0.37748877E+01  0.31965006E+01
  0.37864050E+01  0.30923701E+01
  0.37979222E+01  0.29891460E+01
  0.38094395E+01  0.28867564E+01
  0.38209568E+01  0.27851255E+01
  0.38324741E+01  0.26841758E+01
  0.38439913E+01  0.25838320E+01
  0.38555086E+01  0.24840232E+01
  0.38670259E+01  0.23846854E+01
  0.38785431E+01  0.22857636E+01
  0.38900604E+01  0.21872132E+01
  0.39015777E+01  0.20890016E+01
  0.39130950E+01  0.19911089E+01
  0.39246122E+01  0.18935288E+01
  0.39361295E+01  0.17962683E+01
  0.39476468E+01  0.16993484E+01
  0.39591640E+01  0.16028032E+01
  0.39706813E+01  0.15066795E+01
  0.39821986E+01  0.14110364E+01
  0.39937159E+01  0.13159441E+01
  0.40052331E+01  0.12214828E+01
  0.40167504E+01  0.11277421E+01
  0.40282677E+01  0.10348197E+01
  0.40397850E+01  0.94282006E+00
  0.40513022E+01  0.85185389E+00
  0.40628195E+01  0.76203690E+00
  0.40743368E+01  0.67348910E+00
  0.40858540E+01  0.58633406E+00
  0.40973713E+01  0.50069846E+00
  0.41088886E+01  0.41671168E+00
  0.41204059E+01  0.33450566E+00
  0.41319231E+01  0.25421488E+00
  0.41434404E+01  0.17597655E+00
  0.41549577E+01  0.99930980E-01
  0.41664750E+01  0.26222028E-01
  0.41779922E+01 -0.45002275E-01
  0.41895095E+01 -0.11358907E+00
  0.42010268E+01 -0.17938002E+00
  0.42125440E+01 -0.24221068E+00
  0.42240613E+01 -0.30191005E+00
  0.42355786E+01 -0.35830043E+00
  0.42470959E+01 -0.41119758E+00
  0.42586131E+01 -0.46041148E+00
  0.42701304E+01 -0.50574765E+00
  0.42816477E+01 -0.54700933E+00
  0.42931649E+01 -0.58400042E+00
  0.43046822E+01 -0.61652935E+00
  0.43161995E+01 -0.64441374E+00
  0.43277168E+01 -0.66748566E+00
  0.43392340E+01 -0.68559727E+00
  0.43507513E+01 -0.69862643E+00
  0.43622686E+01 -0.70648172E+00
  0.43737859E+01 -0.70910654E+00
  0.43854010E+01 -0.70888010E+00
  0.43970161E+01 -0.70820118E+00
  0.44086312E+01 -0.70707096E+00
  0.44202464E+01 -0.70549146E+00
  0.44318615E+01 -0.70346557E+00
  0.44434766E+01 -0.70099718E+00
  0.44550918E+01 -0.69809125E+00
  0.44667069E+01 -0.69475397E+00
  0.44783220E+01 -0.69099288E+00
  0.44899372E+01 -0.68681704E+00
  0.45015523E+01 -0.68223726E+00
  0.45131674E+01 -0.67726622E+00
  0.45247825E+01 -0.67191875E+00
  0.45363977E+01 -0.66621200E+00
  0.45480128E+01 -0.66016566E+00
  0.45596279E+01 -0.65380224E+00
  0.45712431E+01 -0.64714723E+00
  0.45828582E+01 -0.64022933E+00
  0.45944733E+01 -0.63308073E+00
  0.46060884E+01 -0.62573723E+00
  0.46177036E+01 -0.61823849E+00
  0.46293187E+01 -0.61062823E+00
  0.46409338E+01 -0.60295435E+00
  0.46525490E+01 -0.59526917E+00
  0.46641641E+01 -0.58762954E+00
  0.46757792E+01 -0.58009698E+00
  0.46873944E+01 -0.57273784E+00
  0.46990095E+01 -0.56562341E+00
  0.47106246E+01 -0.55883000E+00
  0.47222397E+01 -0.55243904E+00
  0.47338549E+01 -0.54653716E+00
  0.47454700E+01 -0.54121612E+00
  0.47570851E+01 -0.53657285E+00
  0.47687003E+01 -0.53270924E+00
  0.47803154E+01 -0.52973195E+00
  0.47919305E+01 -0.52775194E+00
  0.48035457E+01 -0.52688394E+00
  0.48151608E+01 -0.52724555E+00
  0.48267759E+01 -0.52895609E+00
  0.48383910E+01 -0.53213510E+00
  0.48500062E+01 -0.53690034E+00
  0.48616213E+01 -0.54336545E+00
  0.48732364E+01 -0.55163696E+00
  0.48848516E+01 -0.56181087E+00
  0.48964667E+01 -0.57396863E+00
  0.49080818E+01 -0.58817273E+00
  0.49196969E+01 -0.60446171E+00
  0.49313121E+01 -0.62284493E+00
  0.49429272E+01 -0.64329693E+00
  0.49545423E+01 -0.66575153E+00
  0.49661575E+01 -0.69009570E+00
  0.49777726E+01 -0.71616301E+00
  0.49893877E+01 -0.74372652E+00
  0.50010029E+01 -0.77249097E+00
  0.50126180E+01 -0.80208383E+00
  0.50242331E+01 -0.83204526E+00
  0.50358482E+01 -0.86181717E+00
  0.50474634E+01 -0.89073290E+00
  0.50590785E+01 -0.91801027E+00
  0.50706936E+01 -0.94275404E+00
  0.50823088E+01 -0.96397649E+00
  0.50939964E+01 -0.96417657E+00
  0.51056840E+01 -0.96477868E+00
  0.51173716E+01 -0.96578837E+00
  0.51290591E+01 -0.96721486E+00
  0.51407467E+01 -0.96907106E+00
  0.51524343E+01 -0.97137348E+00
  0.51641219E+01 -0.97414221E+00
  0.51758095E+01 -0.97740080E+00
  0.51874971E+01 -0.98117620E+00
  0.51991847E+01 -0.98549855E+00
  0.52108723E+01 -0.99040107E+00
  0.52225599E+01 -0.99591977E+00
  0.52342475E+01 -0.10020932E+01
  0.52459351E+01 -0.10089623E+01
  0.52576227E+01 -0.10165696E+01
  0.52693103E+01 -0.10249594E+01
  0.52809979E+01 -0.10341769E+01
  0.52926855E+01 -0.10442681E+01
  0.53043731E+01 -0.10552789E+01
  0.53160607E+01 -0.10672552E+01
  0.53277483E+01 -0.10802422E+01
  0.53394359E+01 -0.10942842E+01
  0.53511235E+01 -0.11094237E+01
  0.53628111E+01 -0.11257022E+01
  0.53744987E+01 -0.11431590E+01
  0.53861863E+01 -0.11618315E+01
  0.53978739E+01 -0.11817551E+01
  0.54095615E+01 -0.12029632E+01
  0.54212491E+01 -0.12254870E+01
  0.54329367E+01 -0.12493554E+01
  0.54446243E+01 -0.12745953E+01
  0.54563119E+01 -0.13012309E+01
  0.54679995E+01 -0.13292840E+01
  0.54796871E+01 -0.13587736E+01
  0.54913747E+01 -0.13897154E+01
  0.55028976E+01 -0.13456891E+01
  0.55144206E+01 -0.13019567E+01
  0.55259436E+01 -0.12585611E+01
  0.55374666E+01 -0.12155518E+01
  0.55489896E+01 -0.11729860E+01
  0.55605125E+01 -0.11309297E+01
  0.55720355E+01 -0.10894589E+01
  0.55835585E+01 -0.10486594E+01
  0.55950815E+01 -0.10086274E+01
  0.56066045E+01 -0.96946885E+00
  0.56181275E+01 -0.93129838E+00
  0.56296504E+01 -0.89423780E+00
  0.56411734E+01 -0.85841392E+00
  0.56526964E+01 -0.82395579E+00
  0.56642194E+01 -0.79099156E+00
  0.56757424E+01 -0.75964501E+00
  0.56872654E+01 -0.73003190E+00
  0.56987883E+01 -0.70225637E+00
  0.57103113E+01 -0.67640761E+00
  0.57218343E+01 -0.65255699E+00
  0.57333573E+01 -0.63075587E+00
  0.57448803E+01 -0.61103415E+00
  0.57564033E+01 -0.59339969E+00
  0.57679262E+01 -0.57783864E+00
  0.57794492E+01 -0.56431651E+00
  0.57909722E+01 -0.55277992E+00
  0.58024952E+01 -0.54315892E+00
  0.58140182E+01 -0.53536956E+00
  0.58255412E+01 -0.52931667E+00
  0.58370641E+01 -0.52489665E+00
  0.58485871E+01 -0.52200009E+00
  0.58601101E+01 -0.52051413E+00
  0.58716331E+01 -0.52032457E+00
  0.58831561E+01 -0.52131766E+00
  0.58946791E+01 -0.52338146E+00
  0.59062020E+01 -0.52640702E+00
  0.59177250E+01 -0.53028913E+00
  0.59292480E+01 -0.53492695E+00
  0.59407710E+01 -0.54022434E+00
  0.59522940E+01 -0.54609006E+00
  0.59638169E+01 -0.55243786E+00
  0.59753399E+01 -0.55918643E+00
  0.59868629E+01 -0.56625932E+00
  0.59983859E+01 -0.57358482E+00
  0.60099089E+01 -0.58109583E+00
  0.60214319E+01 -0.58872965E+00
  0.60329548E+01 -0.59642787E+00
  0.60444778E+01 -0.60413618E+00
  0.60560008E+01 -0.61180425E+00
  0.60675238E+01 -0.61938556E+00
  0.60790468E+01 -0.62683730E+00
  0.60905698E+01 -0.63412019E+00
  0.61020927E+01 -0.64119837E+00
  0.61136157E+01 -0.64803926E+00
  0.61251387E+01 -0.65461341E+00
  0.61366617E+01 -0.66089436E+00
  0.61481847E+01 -0.66685846E+00
  0.61597077E+01 -0.67248473E+00
  0.61712306E+01 -0.67775467E+00
  0.61827536E+01 -0.68265210E+00
  0.61942766E+01 -0.68716297E+00
  0.62057996E+01 -0.69127518E+00
  0.62173226E+01 -0.69497842E+00
  0.62288456E+01 -0.69826399E+00
  0.62403685E+01 -0.70112463E+00
  0.62518915E+01 -0.70355439E+00
  0.62634145E+01 -0.70554846E+00
  0.62749375E+01 -0.70710309E+00
  0.62864605E+01 -0.70821548E+00
  0.62979834E+01 -0.70888368E+00
  0.63095064E+01 -0.70910654E+00
  0.63211216E+01 -0.70888010E+00
  0.63327367E+01 -0.70820118E+00
  0.63443518E+01 -0.70707096E+00
  0.63559670E+01 -0.70549146E+00
  0.63675821E+01 -0.70346557E+00
  0.63791972E+01 -0.70099718E+00
  0.63908123E+01 -0.69809125E+00
  0.64024275E+01 -0.69475397E+00
  0.64140426E+01 -0.69099288E+00
  0.64256577E+01 -0.68681704E+00
  0.64372729E+01 -0.68223726E+00
  0.64488880E+01 -0.67726622E+00
  0.64605031E+01 -0.67191875E+00
  0.64721182E+01 -0.66621200E+00
  0.64837334E+01 -0.66016566E+00
  0.64953485E+01 -0.65380224E+00
  0.65069636E+01 -0.64714723E+00
  0.65185788E+01 -0.64022933E+00
  0.65301939E+01 -0.63308073E+00
  0.65418090E+01 -0.62573723E+00
  0.65534242E+01 -0.61823849E+00
  0.65650393E+01 -0.61062823E+00
  0.65766544E+01 -0.60295435E+00
  0.65882695E+01 -0.59526917E+00
  0.65998847E+01 -0.58762954E+00
  0.66114998E+01 -0.58009698E+00
  0.66231149E+01 -0.57273784E+00
  0.66347301E+01 -0.56562341E+00
  0.66463452E+01 -0.55883000E+00
  0.66579603E+01 -0.55243904E+00
  0.66695755E+01 -0.54653716E+00
  0.66811906E+01 -0.54121612E+00
  0.66928057E+01 -0.53657285E+00
  0.67044208E+01 -0.53270924E+00
  0.67160360E+01 -0.52973195E+00
  0.67276511E+01 -0.52775194E+00
  0.67392662E+01 -0.52688394E+00
  0.67508814E+01 -0.52724555E+00
  0.67624965E+01 -0.52895609E+00
  0.67741116E+01 -0.53213509E+00
  0.67857267E+01 -0.53690034E+00
  0.67973419E+01 -0.54336545E+00
  0.68089570E+01 -0.55163696E+00
  0.68205721E+01 -0.56181087E+00
  0.68321873E+01 -0.57396863E+00
  0.68438024E+01 -0.58817273E+00
  0.68554175E+01 -0.60446171E+00
  0.68670327E+01 -0.62284493E+00
  0.68786478E+01 -0.64329693E+00
  0.68902629E+01 -0.66575153E+00
  0.69018780E+01 -0.69009570E+00
  0.69134932E+01 -0.71616301E+00
  0.69251083E+01 -0.74372652E+00
  0.69367234E+01 -0.77249097E+00
  0.69483386E+01 -0.80208383E+00
  0.69599537E+01 -0.83204526E+00
  0.69715688E+01 -0.86181717E+00
  0.69831839E+01 -0.89073290E+00
  0.69947991E+01 -0.91801027E+00
  0.70064142E+01 -0.94275404E+00
  0.70180293E+01 -0.96397649E+00
  0.70180293E+01 -0.96397649E+00
  0.70297169E+01 -0.99683072E+00
  0.70414045E+01 -0.10287645E+01
  0.70530921E+01 -0.10597925E+01
  0.70647797E+01 -0.10899260E+01
  0.70764673E+01 -0.11191729E+01
  0.70881549E+01 -0.11475375E+01
  0.70998425E+01 -0.11750199E+01
  0.71115301E+01 -0.12016171E+01
  0.71232177E+01 -0.12273226E+01
  0.71349053E+01 -0.12521270E+01
  0.71465929E+01 -0.12760185E+01
  0.71582805E+01 -0.12989837E+01
  0.71699681E+01 -0.13210078E+01
  0.71816557E+01 -0.13420758E+01
  0.71933433E+01 -0.13621726E+01
  0.72050309E+01 -0.13812843E+01
  0.72167185E+01 -0.13993982E+01
  0.72284061E+01 -0.14165035E+01
  0.72400937E+01 -0.14325919E+01
  0.72517813E+01 -0.14476577E+01
  0.72634689E+01 -0.14616979E+01
  0.72751565E+01 -0.14747125E+01
  0.72868441E+01 -0.14867043E+01
  0.72985317E+01 -0.14976786E+01
  0.73102193E+01 -0.15076431E+01
  0.73219069E+01 -0.15166075E+01
  0.73335945E+01 -0.15245828E+01
  0.73452821E+01 -0.15315810E+01
  0.73569696E+01 -0.15376143E+01
  0.73686572E+01 -0.15426950E+01
  0.73803448E+01 -0.15468344E+01
  0.73920324E+01 -0.15500425E+01
  0.74037200E+01 -0.15523277E+01
  0.74154076E+01 -0.15536962E+01
  0.74270952E+01 -0.15541519E+01
  
  0.00000000E+00  0.62660659E+01
  0.11570131E-01  0.62643813E+01
  0.23140261E-01  0.62593374E+01
  0.34710392E-01  0.62509631E+01
  0.46280522E-01  0.62393064E+01
  0.57850653E-01  0.62244334E+01
  0.69420784E-01  0.62064277E+01
  0.80990914E-01  0.61853890E+01
  0.92561045E-01  0.61614321E+01
  0.10413118E+00  0.61346852E+01
  0.11570131E+00  0.61052884E+01
  0.12727144E+00  0.60733920E+01
  0.13884157E+00  0.60391550E+01
  0.15041170E+00  0.60027428E+01
  0.16198183E+00  0.59643262E+01
  0.17355196E+00  0.59240789E+01
  0.18512209E+00  0.58821767E+01
  0.19669222E+00  0.58387953E+01
  0.20826235E+00  0.57941091E+01
  0.21983248E+00  0.57482899E+01
  0.23140261E+00  0.57015060E+01
  0.24297274E+00  0.56539206E+01
  0.25454287E+00  0.56056911E+01
  0.26611300E+00  0.55569687E+01
  0.27768313E+00  0.55078971E+01
  0.28925327E+00  0.54586123E+01
  0.30082340E+00  0.54092424E+01
  0.31239353E+00  0.53599064E+01
  0.32396366E+00  0.53107149E+01
  0.33553379E+00  0.52617692E+01
  0.34710392E+00  0.52131614E+01
  0.35867405E+00  0.51649745E+01
  0.37024418E+00  0.51172820E+01
  0.38181431E+00  0.50701481E+01
  0.39338444E+00  0.50236280E+01
  0.40495457E+00  0.49777676E+01
  0.41652470E+00  0.49326040E+01
  0.42809483E+00  0.48881658E+01
  0.43966496E+00  0.48444733E+01
  0.45123509E+00  0.48015388E+01
  0.46280522E+00  0.47593675E+01
  0.47437535E+00  0.47179574E+01
  0.48594549E+00  0.46773007E+01
  0.49751562E+00  0.46373840E+01
  0.50908575E+00  0.45981890E+01
  0.52065588E+00  0.45596938E+01
  0.53222601E+00  0.45218735E+01
  0.54379614E+00  0.44847009E+01
  0.55536627E+00  0.44481479E+01
  0.56693640E+00  0.44121859E+01
  0.57850653E+00  0.43767871E+01
  0.59007666E+00  0.43419252E+01
  0.60164679E+00  0.43075762E+01
  0.61321692E+00  0.42737190E+01
  0.62478705E+00  0.42403361E+01
  0.63635718E+00  0.42074142E+01
  0.64792731E+00  0.41749445E+01
  0.65949744E+00  0.41429228E+01
  0.67106758E+00  0.41113497E+01
  0.68263771E+00  0.40802309E+01
  0.69420784E+00  0.40495765E+01
  0.70577797E+00  0.40194010E+01
  0.71734810E+00  0.39897230E+01
  0.72891823E+00  0.39605648E+01
  0.74048836E+00  0.39319512E+01
  0.75205849E+00  0.39039098E+01
  0.76362862E+00  0.38764698E+01
  0.77519875E+00  0.38496611E+01
  0.78676888E+00  0.38235144E+01
  0.79833901E+00  0.37980597E+01
  0.80990914E+00  0.37733264E+01
  0.82147927E+00  0.37493420E+01
  0.83304940E+00  0.37261324E+01
  0.84461953E+00  0.37037209E+01
  0.85618966E+00  0.36821279E+01
  0.86775980E+00  0.36613712E+01
  0.87932993E+00  0.36414652E+01
  0.89090006E+00  0.36224212E+01
  0.90247019E+00  0.36042473E+01
  0.91404032E+00  0.35869485E+01
  0.92561045E+00  0.35705269E+01
  0.93718058E+00  0.35549822E+01
  0.94875071E+00  0.35403113E+01
  0.96032084E+00  0.35265092E+01
  0.97189097E+00  0.35135693E+01
  0.98346110E+00  0.35014833E+01
  0.99503123E+00  0.34902419E+01
  0.10066014E+01  0.34798351E+01
  0.10181715E+01  0.34702525E+01
  0.10297416E+01  0.34614834E+01
  0.10413118E+01  0.34535172E+01
  0.10528819E+01  0.34463439E+01
  0.10644520E+01  0.34399538E+01
  0.10760221E+01  0.34343377E+01
  0.10875923E+01  0.34294877E+01
  0.10991624E+01  0.34253964E+01
  0.11107325E+01  0.34220576E+01
  0.11223027E+01  0.34194662E+01
  0.11338728E+01  0.34176181E+01
  0.11454429E+01  0.34165104E+01
  0.11570131E+01  0.34161414E+01
  0.11685832E+01  0.34149056E+01
  0.11801533E+01  0.34112058E+01
  0.11917235E+01  0.34050641E+01
  0.12032936E+01  0.33965177E+01
  0.12148637E+01  0.33856176E+01
  0.12264338E+01  0.33724292E+01
  0.12380040E+01  0.33570307E+01
  0.12495741E+01  0.33395132E+01
  0.12611442E+01  0.33199795E+01
  0.12727144E+01  0.32985435E+01
  0.12842845E+01  0.32753288E+01
  0.12958546E+01  0.32504682E+01
  0.13074248E+01  0.32241022E+01
  0.13189949E+01  0.31963783E+01
  0.13305650E+01  0.31674494E+01
  0.13421352E+01  0.31374727E+01
  0.13537053E+01  0.31066089E+01
  0.13652754E+01  0.30750205E+01
  0.13768455E+01  0.30428708E+01
  0.13884157E+01  0.30103226E+01
  0.13999858E+01  0.29775374E+01
  0.14115559E+01  0.29446736E+01
  0.14231261E+01  0.29118862E+01
  0.14346962E+01  0.28793250E+01
  0.14462663E+01  0.28471341E+01
  0.14578365E+01  0.28154507E+01
  0.14694066E+01  0.27844045E+01
  0.14809767E+01  0.27541169E+01
  0.14925468E+01  0.27247001E+01
  0.15041170E+01  0.26962570E+01
  0.15156871E+01  0.26688805E+01
  0.15272572E+01  0.26426534E+01
  0.15388274E+01  0.26176483E+01
  0.15503975E+01  0.25939276E+01
  0.15619676E+01  0.25715437E+01
  0.15735378E+01  0.25505396E+01
  0.15851079E+01  0.25309491E+01
  0.15966780E+01  0.25127975E+01
  0.16082482E+01  0.24961027E+01
  0.16198183E+01  0.24808757E+01
  0.16313884E+01  0.24671217E+01
  0.16429585E+01  0.24548413E+01
  0.16545287E+01  0.24440312E+01
  0.16660988E+01  0.24346855E+01
  0.16776689E+01  0.24267969E+01
  0.16892391E+01  0.24203570E+01
  0.17008092E+01  0.24153580E+01
  0.17123793E+01  0.24117929E+01
  0.17239495E+01  0.24096561E+01
  0.17355196E+01  0.24089442E+01
  0.17472072E+01  0.23848252E+01
  0.17588948E+01  0.23612539E+01
  0.17705824E+01  0.23382384E+01
  0.17822700E+01  0.23157878E+01
  0.17939576E+01  0.22939124E+01
  0.18056452E+01  0.22726236E+01
  0.18173328E+01  0.22519336E+01
  0.18290204E+01  0.22318554E+01
  0.18407080E+01  0.22124030E+01
  0.18523956E+01  0.21935902E+01
  0.18640832E+01  0.21754315E+01
  0.18757708E+01  0.21579409E+01
  0.18874583E+01  0.21411325E+01
  0.18991459E+01  0.21250195E+01
  0.19108335E+01  0.21096146E+01
  0.19225211E+01  0.20949293E+01
  0.19342087E+01  0.20809741E+01
  0.19458963E+01  0.20677581E+01
  0.19575839E+01  0.20552892E+01
  0.19692715E+01  0.20435737E+01
  0.19809591E+01  0.20326165E+01
  0.19926467E+01  0.20224213E+01
  0.20043343E+01  0.20129901E+01
  0.20160219E+01  0.20043239E+01
  0.20277095E+01  0.19964225E+01
  0.20393971E+01  0.19892849E+01
  0.20510847E+01  0.19829091E+01
  0.20627723E+01  0.19772928E+01
  0.20744599E+01  0.19724333E+01
  0.20861475E+01  0.19683276E+01
  0.20978351E+01  0.19649730E+01
  0.21095227E+01  0.19623668E+01
  0.21212103E+01  0.19605069E+01
  0.21328979E+01  0.19593917E+01
  0.21445855E+01  0.19590201E+01
  0.21561628E+01  0.19389757E+01
  0.21677402E+01  0.19214744E+01
  0.21793175E+01  0.19064610E+01
  0.21908948E+01  0.18938800E+01
  0.22024722E+01  0.18836771E+01
  0.22140495E+01  0.18758006E+01
  0.22256268E+01  0.18702021E+01
  0.22372042E+01  0.18668368E+01
  0.22487815E+01  0.18656639E+01
  0.22603588E+01  0.18666462E+01
  0.22719362E+01  0.18697495E+01
  0.22835135E+01  0.18749427E+01
  0.22950909E+01  0.18821966E+01
  0.23066682E+01  0.18914831E+01
  0.23182455E+01  0.19027750E+01
  0.23298229E+01  0.19160447E+01
  0.23414002E+01  0.19312640E+01
  0.23529775E+01  0.19484030E+01
  0.23645549E+01  0.19674302E+01
  0.23761322E+01  0.19883117E+01
  0.23877095E+01  0.20110109E+01
  0.23992869E+01  0.20354887E+01
  0.24108642E+01  0.20617033E+01
  0.24224416E+01  0.20896103E+01
  0.24340189E+01  0.21191629E+01
  0.24455962E+01  0.21503122E+01
  0.24571736E+01  0.21830078E+01
  0.24687509E+01  0.22171979E+01
  0.24803282E+01  0.22528303E+01
  0.24919056E+01  0.22898526E+01
  0.25034829E+01  0.23282129E+01
  0.25150602E+01  0.23678605E+01
  0.25266376E+01  0.24087464E+01
  0.25382149E+01  0.24508242E+01
  0.25497923E+01  0.24940499E+01
  0.25613696E+01  0.25383832E+01
  0.25729469E+01  0.25837873E+01
  0.25845243E+01  0.26302297E+01
  0.25961016E+01  0.26776819E+01
  0.26076789E+01  0.27261198E+01
  0.26192563E+01  0.27755238E+01
  0.26308336E+01  0.28258782E+01
  0.26424110E+01  0.28771715E+01
  0.26539883E+01  0.29293960E+01
  0.26655656E+01  0.29825468E+01
  0.26771430E+01  0.30366220E+01
  0.26887203E+01  0.30916215E+01
  0.27002976E+01  0.31475468E+01
  0.27118750E+01  0.32044001E+01
  0.27234523E+01  0.32621831E+01
  0.27350296E+01  0.33208971E+01
  0.27466070E+01  0.33805415E+01
  0.27581843E+01  0.34411135E+01
  0.27697617E+01  0.35026069E+01
  0.27813390E+01  0.35650121E+01
  0.27929163E+01  0.36283149E+01
  0.28044937E+01  0.36924962E+01
  0.28160710E+01  0.37575315E+01
  0.28276483E+01  0.38233907E+01
  0.28392257E+01  0.38900374E+01
  0.28508030E+01  0.39574291E+01
  0.28623803E+01  0.40255170E+01
  0.28739577E+01  0.40942458E+01
  0.28855350E+01  0.41635540E+01
  0.28971124E+01  0.42333737E+01
  0.29086897E+01  0.43036312E+01
  0.29202670E+01  0.43742470E+01
  0.29318444E+01  0.44451363E+01
  0.29434217E+01  0.45162093E+01
  0.29549990E+01  0.45873712E+01
  0.29665764E+01  0.46585232E+01
  0.29781537E+01  0.47295627E+01
  0.29897310E+01  0.48003835E+01
  0.30013084E+01  0.48708764E+01
  0.30128857E+01  0.49409294E+01
  0.30244631E+01  0.50104286E+01
  0.30360404E+01  0.50792577E+01
  0.30476177E+01  0.51472991E+01
  0.30591951E+01  0.52144338E+01
  0.30707724E+01  0.52805419E+01
  0.30823497E+01  0.53455026E+01
  0.30939271E+01  0.54091948E+01
  0.31055044E+01  0.54714971E+01
  0.31170817E+01  0.55322882E+01
  0.31286591E+01  0.55914472E+01
  0.31402364E+01  0.56488538E+01
  0.31518138E+01  0.57043885E+01
  0.31633911E+01  0.57579334E+01
  0.31749684E+01  0.58093719E+01
  0.31865458E+01  0.58585895E+01
  0.31981231E+01  0.59054743E+01
  0.32097004E+01  0.59499172E+01
  0.32212778E+01  0.59918125E+01
  0.32328551E+01  0.60310584E+01
  0.32444325E+01  0.60675577E+01
  0.32560098E+01  0.61012180E+01
  0.32675871E+01  0.61319526E+01
  0.32791645E+01  0.61596812E+01
  0.32907418E+01  0.61843297E+01
  0.33023191E+01  0.62058316E+01
  0.33138965E+01  0.62241282E+01
  0.33254738E+01  0.62391687E+01
  0.33370511E+01  0.62509111E+01
  0.33486285E+01  0.62593224E+01
  0.33602058E+01  0.62643788E+01
  0.33717832E+01  0.62660659E+01
  0.33833004E+01  0.62652948E+01
  0.33948177E+01  0.62629870E+01
  0.34063350E+01  0.62591583E+01
  0.34178522E+01  0.62538347E+01
  0.34293695E+01  0.62470522E+01
  0.34408868E+01  0.62388557E+01
  0.34524041E+01  0.62292986E+01
  0.34639213E+01  0.62184416E+01
  0.34754386E+01  0.62063517E+01
  0.34869559E+01  0.61931014E+01
  0.34984731E+01  0.61787670E+01
  0.35099904E+01  0.61634277E+01
  0.35215077E+01  0.61471644E+01
  0.35330250E+01  0.61300584E+01
  0.35445422E+01  0.61121905E+01
  0.35560595E+01  0.60936395E+01
  0.35675768E+01  0.60744820E+01
  0.35790941E+01  0.60547909E+01
  0.35906113E+01  0.60346352E+01
  0.36021286E+01  0.60140793E+01
  0.36136459E+01  0.59931825E+01
  0.36251631E+01  0.59719994E+01
  0.36366804E+01  0.59505789E+01
  0.36481977E+01  0.59289652E+01
  0.36597150E+01  0.59071977E+01
  0.36712322E+01  0.58853112E+01
  0.36827495E+01  0.58633364E+01
  0.36942668E+01  0.58413008E+01
  0.37057841E+01  0.58192288E+01
  0.37173013E+01  0.57971426E+01
  0.37288186E+01  0.57750628E+01
  0.37403359E+01  0.57530090E+01
  0.37518531E+01  0.57310003E+01
  0.37633704E+01  0.57090561E+01
  0.37748877E+01  0.56871962E+01
  0.37864050E+01  0.56654414E+01
  0.37979222E+01  0.56438139E+01
  0.38094395E+01  0.56223369E+01
  0.38209568E+01  0.56010355E+01
  0.38324741E+01  0.55799358E+01
  0.38439913E+01  0.55590656E+01
  0.38555086E+01  0.55384533E+01
  0.38670259E+01  0.55181283E+01
  0.38785431E+01  0.54981202E+01
  0.38900604E+01  0.54784583E+01
  0.39015777E+01  0.54591717E+01
  0.39130950E+01  0.54402879E+01
  0.39246122E+01  0.54218330E+01
  0.39361295E+01  0.54038311E+01
  0.39476468E+01  0.53863037E+01
  0.39591640E+01  0.53692692E+01
  0.39706813E+01  0.53527432E+01
  0.39821986E+01  0.53367375E+01
  0.39937159E+01  0.53212607E+01
  0.40052331E+01  0.53063174E+01
  0.40167504E+01  0.52919091E+01
  0.40282677E+01  0.52780336E+01
  0.40397850E+01  0.52646858E+01
  0.40513022E+01  0.52518579E+01
  0.40628195E+01  0.52395395E+01
  0.40743368E+01  0.52277186E+01
  0.40858540E+01  0.52163817E+01
  0.40973713E+01  0.52055145E+01
  0.41088886E+01  0.51951026E+01
  0.41204059E+01  0.51851317E+01
  0.41319231E+01  0.51755887E+01
  0.41434404E+01  0.51664613E+01
  0.41549577E+01  0.51577395E+01
  0.41664750E+01  0.51494150E+01
  0.41779922E+01  0.51414822E+01
  0.41895095E+01  0.51339378E+01
  0.42010268E+01  0.51267813E+01
  0.42125440E+01  0.51200149E+01
  0.42240613E+01  0.51136432E+01
  0.42355786E+01  0.51076734E+01
  0.42470959E+01  0.51021144E+01
  0.42586131E+01  0.50969772E+01
  0.42701304E+01  0.50922740E+01
  0.42816477E+01  0.50880176E+01
  0.42931649E+01  0.50842217E+01
  0.43046822E+01  0.50808994E+01
  0.43161995E+01  0.50780636E+01
  0.43277168E+01  0.50757257E+01
  0.43392340E+01  0.50738961E+01
  0.43507513E+01  0.50725831E+01
  0.43622686E+01  0.50717927E+01
  0.43737859E+01  0.50715288E+01
  0.43854010E+01  0.50678297E+01
  0.43970161E+01  0.50567615E+01
  0.44086312E+01  0.50384117E+01
  0.44202464E+01  0.50129240E+01
  0.44318615E+01  0.49804972E+01
  0.44434766E+01  0.49413811E+01
  0.44550918E+01  0.48958739E+01
  0.44667069E+01  0.48443169E+01
  0.44783220E+01  0.47870902E+01
  0.44899372E+01  0.47246069E+01
  0.45015523E+01  0.46573074E+01
  0.45131674E+01  0.45856534E+01
  0.45247825E+01  0.45101219E+01
  0.45363977E+01  0.44311987E+01
  0.45480128E+01  0.43493726E+01
  0.45596279E+01  0.42651291E+01
  0.45712431E+01  0.41789457E+01
  0.45828582E+01  0.40912859E+01
  0.45944733E+01  0.40025953E+01
  0.46060884E+01  0.39132970E+01
  0.46177036E+01  0.38237885E+01
  0.46293187E+01  0.37344393E+01
  0.46409338E+01  0.36455881E+01
  0.46525490E+01  0.35575423E+01
  0.46641641E+01  0.34705770E+01
  0.46757792E+01  0.33849352E+01
  0.46873944E+01  0.33008287E+01
  0.46990095E+01  0.32184394E+01
  0.47106246E+01  0.31379215E+01
  0.47222397E+01  0.30594036E+01
  0.47338549E+01  0.29829920E+01
  0.47454700E+01  0.29087736E+01
  0.47570851E+01  0.28368195E+01
  0.47687003E+01  0.27671884E+01
  0.47803154E+01  0.26999304E+01
  0.47919305E+01  0.26350902E+01
  0.48035457E+01  0.25727104E+01
  0.48151608E+01  0.25128345E+01
  0.48267759E+01  0.24555092E+01
  0.48383910E+01  0.24007861E+01
  0.48500062E+01  0.23487233E+01
  0.48616213E+01  0.22993857E+01
  0.48732364E+01  0.22528447E+01
  0.48848516E+01  0.22091773E+01
  0.48964667E+01  0.21684642E+01
  0.49080818E+01  0.21307879E+01
  0.49196969E+01  0.20962292E+01
  0.49313121E+01  0.20648647E+01
  0.49429272E+01  0.20367631E+01
  0.49545423E+01  0.20119823E+01
  0.49661575E+01  0.19905663E+01
  0.49777726E+01  0.19725435E+01
  0.49893877E+01  0.19579246E+01
  0.50010029E+01  0.19467018E+01
  0.50126180E+01  0.19388494E+01
  0.50242331E+01  0.19343235E+01
  0.50358482E+01  0.19330641E+01
  0.50474634E+01  0.19349963E+01
  0.50590785E+01  0.19400329E+01
  0.50706936E+01  0.19480761E+01
  0.50823088E+01  0.19590201E+01
  0.50939964E+01  0.19593917E+01
  0.51056840E+01  0.19605069E+01
  0.51173716E+01  0.19623668E+01
  0.51290591E+01  0.19649730E+01
  0.51407467E+01  0.19683276E+01
  0.51524343E+01  0.19724333E+01
  0.51641219E+01  0.19772928E+01
  0.51758095E+01  0.19829091E+01
  0.51874971E+01  0.19892849E+01
  0.51991847E+01  0.19964225E+01
  0.52108723E+01  0.20043239E+01
  0.52225599E+01  0.20129901E+01
  0.52342475E+01  0.20224213E+01
  0.52459351E+01  0.20326165E+01
  0.52576227E+01  0.20435737E+01
  0.52693103E+01  0.20552892E+01
  0.52809979E+01  0.20677581E+01
  0.52926855E+01  0.20809741E+01
  0.53043731E+01  0.20949293E+01
  0.53160607E+01  0.21096146E+01
  0.53277483E+01  0.21250195E+01
  0.53394359E+01  0.21411325E+01
  0.53511235E+01  0.21579409E+01
  0.53628111E+01  0.21754315E+01
  0.53744987E+01  0.21935902E+01
  0.53861863E+01  0.22124030E+01
  0.53978739E+01  0.22318554E+01
  0.54095615E+01  0.22519336E+01
  0.54212491E+01  0.22726236E+01
  0.54329367E+01  0.22939124E+01
  0.54446243E+01  0.23157878E+01
  0.54563119E+01  0.23382384E+01
  0.54679995E+01  0.23612539E+01
  0.54796871E+01  0.23848252E+01
  0.54913747E+01  0.24089442E+01
  0.55028976E+01  0.23756805E+01
  0.55144206E+01  0.23439711E+01
  0.55259436E+01  0.23139218E+01
  0.55374666E+01  0.22856459E+01
  0.55489896E+01  0.22592637E+01
  0.55605125E+01  0.22349018E+01
  0.55720355E+01  0.22126923E+01
  0.55835585E+01  0.21927709E+01
  0.55950815E+01  0.21752760E+01
  0.56066045E+01  0.21603462E+01
  0.56181275E+01  0.21481183E+01
  0.56296504E+01  0.21387247E+01
  0.56411734E+01  0.21322907E+01
  0.56526964E+01  0.21289314E+01
  0.56642194E+01  0.21287491E+01
  0.56757424E+01  0.21318296E+01
  0.56872654E+01  0.21382403E+01
  0.56987883E+01  0.21480275E+01
  0.57103113E+01  0.21612144E+01
  0.57218343E+01  0.21778011E+01
  0.57333573E+01  0.21977636E+01
  0.57448803E+01  0.22210553E+01
  0.57564033E+01  0.22476087E+01
  0.57679262E+01  0.22773383E+01
  0.57794492E+01  0.23101440E+01
  0.57909722E+01  0.23459154E+01
  0.58024952E+01  0.23845358E+01
  0.58140182E+01  0.24258869E+01
  0.58255412E+01  0.24698526E+01
  0.58370641E+01  0.25163231E+01
  0.58485871E+01  0.25651976E+01
  0.58601101E+01  0.26163868E+01
  0.58716331E+01  0.26698139E+01
  0.58831561E+01  0.27254155E+01
  0.58946791E+01  0.27831408E+01
  0.59062020E+01  0.28429503E+01
  0.59177250E+01  0.29048139E+01
  0.59292480E+01  0.29687073E+01
  0.59407710E+01  0.30346094E+01
  0.59522940E+01  0.31024975E+01
  0.59638169E+01  0.31723435E+01
  0.59753399E+01  0.32441092E+01
  0.59868629E+01  0.33177415E+01
  0.59983859E+01  0.33931684E+01
  0.60099089E+01  0.34702943E+01
  0.60214319E+01  0.35489964E+01
  0.60329548E+01  0.36291211E+01
  0.60444778E+01  0.37104818E+01
  0.60560008E+01  0.37928558E+01
  0.60675238E+01  0.38759841E+01
  0.60790468E+01  0.39595704E+01
  0.60905698E+01  0.40432817E+01
  0.61020927E+01  0.41267497E+01
  0.61136157E+01  0.42095733E+01
  0.61251387E+01  0.42913215E+01
  0.61366617E+01  0.43715376E+01
  0.61481847E+01  0.44497443E+01
  0.61597077E+01  0.45254489E+01
  0.61712306E+01  0.45981498E+01
  0.61827536E+01  0.46673429E+01
  0.61942766E+01  0.47325287E+01
  0.62057996E+01  0.47932196E+01
  0.62173226E+01  0.48489473E+01
  0.62288456E+01  0.48992694E+01
  0.62403685E+01  0.49437772E+01
  0.62518915E+01  0.49821014E+01
  0.62634145E+01  0.50139187E+01
  0.62749375E+01  0.50389569E+01
  0.62864605E+01  0.50569993E+01
  0.62979834E+01  0.50678884E+01
  0.63095064E+01  0.50715288E+01
  0.63211216E+01  0.50678297E+01
  0.63327367E+01  0.50567615E+01
  0.63443518E+01  0.50384117E+01
  0.63559670E+01  0.50129240E+01
  0.63675821E+01  0.49804972E+01
  0.63791972E+01  0.49413811E+01
  0.63908123E+01  0.48958739E+01
  0.64024275E+01  0.48443169E+01
  0.64140426E+01  0.47870902E+01
  0.64256577E+01  0.47246069E+01
  0.64372729E+01  0.46573074E+01
  0.64488880E+01  0.45856534E+01
  0.64605031E+01  0.45101219E+01
  0.64721182E+01  0.44311987E+01
  0.64837334E+01  0.43493726E+01
  0.64953485E+01  0.42651291E+01
  0.65069636E+01  0.41789457E+01
  0.65185788E+01  0.40912859E+01
  0.65301939E+01  0.40025953E+01
  0.65418090E+01  0.39132970E+01
  0.65534242E+01  0.38237885E+01
  0.65650393E+01  0.37344393E+01
  0.65766544E+01  0.36455881E+01
  0.65882695E+01  0.35575423E+01
  0.65998847E+01  0.34705770E+01
  0.66114998E+01  0.33849352E+01
  0.66231149E+01  0.33008287E+01
  0.66347301E+01  0.32184394E+01
  0.66463452E+01  0.31379215E+01
  0.66579603E+01  0.30594036E+01
  0.66695755E+01  0.29829920E+01
  0.66811906E+01  0.29087736E+01
  0.66928057E+01  0.28368195E+01
  0.67044208E+01  0.27671884E+01
  0.67160360E+01  0.26999304E+01
  0.67276511E+01  0.26350902E+01
  0.67392662E+01  0.25727104E+01
  0.67508814E+01  0.25128345E+01
  0.67624965E+01  0.24555092E+01
  0.67741116E+01  0.24007861E+01
  0.67857267E+01  0.23487233E+01
  0.67973419E+01  0.22993857E+01
  0.68089570E+01  0.22528447E+01
  0.68205721E+01  0.22091773E+01
  0.68321873E+01  0.21684642E+01
  0.68438024E+01  0.21307879E+01
  0.68554175E+01  0.20962292E+01
  0.68670327E+01  0.20648647E+01
  0.68786478E+01  0.20367631E+01
  0.68902629E+01  0.20119823E+01
  0.69018780E+01  0.19905663E+01
  0.69134932E+01  0.19725435E+01
  0.69251083E+01  0.19579246E+01
  0.69367234E+01  0.19467018E+01
  0.69483386E+01  0.19388494E+01
  0.69599537E+01  0.19343235E+01
  0.69715688E+01  0.19330641E+01
  0.69831839E+01  0.19349963E+01
  0.69947991E+01  0.19400329E+01
  0.70064142E+01  0.19480761E+01
  0.70180293E+01  0.19590201E+01
  0.70180293E+01  0.19590201E+01
  0.70297169E+01  0.19818890E+01
  0.70414045E+01  0.20074536E+01
  0.70530921E+01  0.20357563E+01
  0.70647797E+01  0.20668285E+01
  0.70764673E+01  0.21006876E+01
  0.70881549E+01  0.21373333E+01
  0.70998425E+01  0.21767442E+01
  0.71115301E+01  0.22188743E+01
  0.71232177E+01  0.22636496E+01
  0.71349053E+01  0.23109656E+01
  0.71465929E+01  0.23606844E+01
  0.71582805E+01  0.24126330E+01
  0.71699681E+01  0.24666024E+01
  0.71816557E+01  0.25223463E+01
  0.71933433E+01  0.25795820E+01
  0.72050309E+01  0.26379912E+01
  0.72167185E+01  0.26972220E+01
  0.72284061E+01  0.27568913E+01
  0.72400937E+01  0.28165886E+01
  0.72517813E+01  0.28758797E+01
  0.72634689E+01  0.29343121E+01
  0.72751565E+01  0.29914200E+01
  0.72868441E+01  0.30467304E+01
  0.72985317E+01  0.30997693E+01
  0.73102193E+01  0.31500682E+01
  0.73219069E+01  0.31971708E+01
  0.73335945E+01  0.32406397E+01
  0.73452821E+01  0.32800628E+01
  0.73569696E+01  0.33150597E+01
  0.73686572E+01  0.33452877E+01
  0.73803448E+01  0.33704466E+01
  0.73920324E+01  0.33902843E+01
  0.74037200E+01  0.34046002E+01
  0.74154076E+01  0.34132487E+01
  0.74270952E+01  0.34161414E+01
  
  0.00000000E+00  0.62660659E+01
  0.11570131E-01  0.62643813E+01
  0.23140261E-01  0.62593374E+01
  0.34710392E-01  0.62509631E+01
  0.46280522E-01  0.62393064E+01
  0.57850653E-01  0.62244334E+01
  0.69420784E-01  0.62064277E+01
  0.80990914E-01  0.61853890E+01
  0.92561045E-01  0.61614321E+01
  0.10413118E+00  0.61346852E+01
  0.11570131E+00  0.61052884E+01
  0.12727144E+00  0.60733920E+01
  0.13884157E+00  0.60391550E+01
  0.15041170E+00  0.60027428E+01
  0.16198183E+00  0.59643262E+01
  0.17355196E+00  0.59240789E+01
  0.18512209E+00  0.58821767E+01
  0.19669222E+00  0.58387953E+01
  0.20826235E+00  0.57941091E+01
  0.21983248E+00  0.57482899E+01
  0.23140261E+00  0.57015060E+01
  0.24297274E+00  0.56539206E+01
  0.25454287E+00  0.56056911E+01
  0.26611300E+00  0.55569687E+01
  0.27768313E+00  0.55078971E+01
  0.28925327E+00  0.54586123E+01
  0.30082340E+00  0.54092424E+01
  0.31239353E+00  0.53599064E+01
  0.32396366E+00  0.53107149E+01
  0.33553379E+00  0.52617692E+01
  0.34710392E+00  0.52131614E+01
  0.35867405E+00  0.51649745E+01
  0.37024418E+00  0.51172820E+01
  0.38181431E+00  0.50701481E+01
  0.39338444E+00  0.50236280E+01
  0.40495457E+00  0.49777676E+01
  0.41652470E+00  0.49326040E+01
  0.42809483E+00  0.48881658E+01
  0.43966496E+00  0.48444733E+01
  0.45123509E+00  0.48015388E+01
  0.46280522E+00  0.47593675E+01
  0.47437535E+00  0.47179574E+01
  0.48594549E+00  0.46773007E+01
  0.49751562E+00  0.46373840E+01
  0.50908575E+00  0.45981890E+01
  0.52065588E+00  0.45596938E+01
  0.53222601E+00  0.45218735E+01
  0.54379614E+00  0.44847009E+01
  0.55536627E+00  0.44481479E+01
  0.56693640E+00  0.44121859E+01
  0.57850653E+00  0.43767871E+01
  0.59007666E+00  0.43419252E+01
  0.60164679E+00  0.43075762E+01
  0.61321692E+00  0.42737190E+01
  0.62478705E+00  0.42403361E+01
  0.63635718E+00  0.42074142E+01
  0.64792731E+00  0.41749445E+01
  0.65949744E+00  0.41429228E+01
  0.67106758E+00  0.41113497E+01
  0.68263771E+00  0.40802309E+01
  0.69420784E+00  0.40495765E+01
  0.70577797E+00  0.40194010E+01
  0.71734810E+00  0.39897230E+01
  0.72891823E+00  0.39605648E+01
  0.74048836E+00  0.39319512E+01
  0.75205849E+00  0.39039098E+01
  0.76362862E+00  0.38764698E+01
  0.77519875E+00  0.38496611E+01
  0.78676888E+00  0.38235144E+01
  0.79833901E+00  0.37980597E+01
  0.80990914E+00  0.37733264E+01
  0.82147927E+00  0.37493420E+01
  0.83304940E+00  0.37261324E+01
  0.84461953E+00  0.37037209E+01
  0.85618966E+00  0.36821279E+01
  0.86775980E+00  0.36613712E+01
  0.87932993E+00  0.36414652E+01
  0.89090006E+00  0.36224212E+01
  0.90247019E+00  0.36042473E+01
  0.91404032E+00  0.35869485E+01
  0.92561045E+00  0.35705269E+01
  0.93718058E+00  0.35549822E+01
  0.94875071E+00  0.35403113E+01
  0.96032084E+00  0.35265092E+01
  0.97189097E+00  0.35135693E+01
  0.98346110E+00  0.35014833E+01
  0.99503123E+00  0.34902419E+01
  0.10066014E+01  0.34798351E+01
  0.10181715E+01  0.34702525E+01
  0.10297416E+01  0.34614834E+01
  0.10413118E+01  0.34535172E+01
  0.10528819E+01  0.34463439E+01
  0.10644520E+01  0.34399538E+01
  0.10760221E+01  0.34343377E+01
  0.10875923E+01  0.34294877E+01
  0.10991624E+01  0.34253964E+01
  0.11107325E+01  0.34220576E+01
  0.11223027E+01  0.34194662E+01
  0.11338728E+01  0.34176181E+01
  0.11454429E+01  0.34165104E+01
  0.11570131E+01  0.34161414E+01
  0.11685832E+01  0.34149056E+01
  0.11801533E+01  0.34112058E+01
  0.11917235E+01  0.34050641E+01
  0.12032936E+01  0.33965177E+01
  0.12148637E+01  0.33856177E+01
  0.12264338E+01  0.33724292E+01
  0.12380040E+01  0.33570307E+01
  0.12495741E+01  0.33395133E+01
  0.12611442E+01  0.33199796E+01
  0.12727144E+01  0.32985435E+01
  0.12842845E+01  0.32753288E+01
  0.12958546E+01  0.32504682E+01
  0.13074248E+01  0.32241023E+01
  0.13189949E+01  0.31963784E+01
  0.13305650E+01  0.31674494E+01
  0.13421352E+01  0.31374728E+01
  0.13537053E+01  0.31066090E+01
  0.13652754E+01  0.30750205E+01
  0.13768455E+01  0.30428708E+01
  0.13884157E+01  0.30103226E+01
  0.13999858E+01  0.29775374E+01
  0.14115559E+01  0.29446736E+01
  0.14231261E+01  0.29118862E+01
  0.14346962E+01  0.28793250E+01
  0.14462663E+01  0.28471341E+01
  0.14578365E+01  0.28154507E+01
  0.14694066E+01  0.27844046E+01
  0.14809767E+01  0.27541169E+01
  0.14925468E+01  0.27247002E+01
  0.15041170E+01  0.26962571E+01
  0.15156871E+01  0.26688806E+01
  0.15272572E+01  0.26426535E+01
  0.15388274E+01  0.26176484E+01
  0.15503975E+01  0.25939277E+01
  0.15619676E+01  0.25715439E+01
  0.15735378E+01  0.25505398E+01
  0.15851079E+01  0.25309493E+01
  0.15966780E+01  0.25127977E+01
  0.16082482E+01  0.24961029E+01
  0.16198183E+01  0.24808759E+01
  0.16313884E+01  0.24671219E+01
  0.16429585E+01  0.24548414E+01
  0.16545287E+01  0.24440313E+01
  0.16660988E+01  0.24346856E+01
  0.16776689E+01  0.24267969E+01
  0.16892391E+01  0.24203570E+01
  0.17008092E+01  0.24153580E+01
  0.17123793E+01  0.24117929E+01
  0.17239495E+01  0.24096561E+01
  0.17355196E+01  0.24089442E+01
  0.17472072E+01  0.24345435E+01
  0.17588948E+01  0.24625749E+01
  0.17705824E+01  0.24930576E+01
  0.17822700E+01  0.25260038E+01
  0.17939576E+01  0.25614164E+01
  0.18056452E+01  0.25992850E+01
  0.18173328E+01  0.26395831E+01
  0.18290204E+01  0.26822640E+01
  0.18407080E+01  0.27272580E+01
  0.18523956E+01  0.27744690E+01
  0.18640832E+01  0.28237721E+01
  0.18757708E+01  0.28750109E+01
  0.18874583E+01  0.29279963E+01
  0.18991459E+01  0.29825054E+01
  0.19108335E+01  0.30382812E+01
  0.19225211E+01  0.30950332E+01
  0.19342087E+01  0.31524390E+01
  0.19458963E+01  0.32101463E+01
  0.19575839E+01  0.32677760E+01
  0.19692715E+01  0.33249259E+01
  0.19809591E+01  0.33811755E+01
  0.19926467E+01  0.34360903E+01
  0.20043343E+01  0.34892283E+01
  0.20160219E+01  0.35401454E+01
  0.20277095E+01  0.35884014E+01
  0.20393971E+01  0.36335674E+01
  0.20510847E+01  0.36752309E+01
  0.20627723E+01  0.37130033E+01
  0.20744599E+01  0.37465252E+01
  0.20861475E+01  0.37754724E+01
  0.20978351E+01  0.37995610E+01
  0.21095227E+01  0.38185521E+01
  0.21212103E+01  0.38322557E+01
  0.21328979E+01  0.38405337E+01
  0.21445855E+01  0.38433024E+01
  0.21561628E+01  0.38665550E+01
  0.21677402E+01  0.38903541E+01
  0.21793175E+01  0.39146954E+01
  0.21908948E+01  0.39395741E+01
  0.22024722E+01  0.39649854E+01
  0.22140495E+01  0.39909242E+01
  0.22256268E+01  0.40173850E+01
  0.22372042E+01  0.40443618E+01
  0.22487815E+01  0.40718482E+01
  0.22603588E+01  0.40998372E+01
  0.22719362E+01  0.41283213E+01
  0.22835135E+01  0.41572922E+01
  0.22950909E+01  0.41867411E+01
  0.23066682E+01  0.42166586E+01
  0.23182455E+01  0.42470345E+01
  0.23298229E+01  0.42778578E+01
  0.23414002E+01  0.43091171E+01
  0.23529775E+01  0.43408000E+01
  0.23645549E+01  0.43728937E+01
  0.23761322E+01  0.44053846E+01
  0.23877095E+01  0.44382584E+01
  0.23992869E+01  0.44715003E+01
  0.24108642E+01  0.45050945E+01
  0.24224416E+01  0.45390249E+01
  0.24340189E+01  0.45732744E+01
  0.24455962E+01  0.46078253E+01
  0.24571736E+01  0.46426590E+01
  0.24687509E+01  0.46777563E+01
  0.24803282E+01  0.47130967E+01
  0.24919056E+01  0.47486589E+01
  0.25034829E+01  0.47844205E+01
  0.25150602E+01  0.48203579E+01
  0.25266376E+01  0.48564461E+01
  0.25382149E+01  0.48926588E+01
  0.25497923E+01  0.49289679E+01
  0.25613696E+01  0.49653442E+01
  0.25729469E+01  0.50017562E+01
  0.25845243E+01  0.50381711E+01
  0.25961016E+01  0.50745539E+01
  0.26076789E+01  0.51108680E+01
  0.26192563E+01  0.51470748E+01
  0.26308336E+01  0.51831341E+01
  0.26424110E+01  0.52190038E+01
  0.26539883E+01  0.52546403E+01
  0.26655656E+01  0.52899985E+01
  0.26771430E+01  0.53250322E+01
  0.26887203E+01  0.53596942E+01
  0.27002976E+01  0.53939368E+01
  0.27118750E+01  0.54277120E+01
  0.27234523E+01  0.54609718E+01
  0.27350296E+01  0.54936690E+01
  0.27466070E+01  0.55257572E+01
  0.27581843E+01  0.55571915E+01
  0.27697617E+01  0.55879294E+01
  0.27813390E+01  0.56179303E+01
  0.27929163E+01  0.56471570E+01
  0.28044937E+01  0.56755758E+01
  0.28160710E+01  0.57031566E+01
  0.28276483E+01  0.57298739E+01
  0.28392257E+01  0.57557070E+01
  0.28508030E+01  0.57806398E+01
  0.28623803E+01  0.58046620E+01
  0.28739577E+01  0.58277684E+01
  0.28855350E+01  0.58499594E+01
  0.28971124E+01  0.58712409E+01
  0.29086897E+01  0.58916244E+01
  0.29202670E+01  0.59111266E+01
  0.29318444E+01  0.59297692E+01
  0.29434217E+01  0.59475785E+01
  0.29549990E+01  0.59645851E+01
  0.29665764E+01  0.59808233E+01
  0.29781537E+01  0.59963306E+01
  0.29897310E+01  0.60111467E+01
  0.30013084E+01  0.60253132E+01
  0.30128857E+01  0.60388729E+01
  0.30244631E+01  0.60518687E+01
  0.30360404E+01  0.60643429E+01
  0.30476177E+01  0.60763369E+01
  0.30591951E+01  0.60878897E+01
  0.30707724E+01  0.60990380E+01
  0.30823497E+01  0.61098151E+01
  0.30939271E+01  0.61202503E+01
  0.31055044E+01  0.61303686E+01
  0.31170817E+01  0.61401903E+01
  0.31286591E+01  0.61497306E+01
  0.31402364E+01  0.61589994E+01
  0.31518138E+01  0.61680013E+01
  0.31633911E+01  0.61767357E+01
  0.31749684E+01  0.61851966E+01
  0.31865458E+01  0.61933733E+01
  0.31981231E+01  0.62012505E+01
  0.32097004E+01  0.62088086E+01
  0.32212778E+01  0.62160248E+01
  0.32328551E+01  0.62228731E+01
  0.32444325E+01  0.62293254E+01
  0.32560098E+01  0.62353519E+01
  0.32675871E+01  0.62409223E+01
  0.32791645E+01  0.62460061E+01
  0.32907418E+01  0.62505735E+01
  0.33023191E+01  0.62545963E+01
  0.33138965E+01  0.62580485E+01
  0.33254738E+01  0.62609069E+01
  0.33370511E+01  0.62631516E+01
  0.33486285E+01  0.62647667E+01
  0.33602058E+01  0.62657405E+01
  0.33717832E+01  0.62660659E+01
  0.33833004E+01  0.62652948E+01
  0.33948177E+01  0.62629870E+01
  0.34063350E+01  0.62591583E+01
  0.34178522E+01  0.62538347E+01
  0.34293695E+01  0.62470522E+01
  0.34408868E+01  0.62388557E+01
  0.34524041E+01  0.62292986E+01
  0.34639213E+01  0.62184416E+01
  0.34754386E+01  0.62063517E+01
  0.34869559E+01  0.61931014E+01
  0.34984731E+01  0.61787670E+01
  0.35099904E+01  0.61634277E+01
  0.35215077E+01  0.61471644E+01
  0.35330250E+01  0.61300584E+01
  0.35445422E+01  0.61121905E+01
  0.35560595E+01  0.60936395E+01
  0.35675768E+01  0.60744820E+01
  0.35790941E+01  0.60547909E+01
  0.35906113E+01  0.60346352E+01
  0.36021286E+01  0.60140793E+01
  0.36136459E+01  0.59931825E+01
  0.36251631E+01  0.59719994E+01
  0.36366804E+01  0.59505789E+01
  0.36481977E+01  0.59289652E+01
  0.36597150E+01  0.59071977E+01
  0.36712322E+01  0.58853112E+01
  0.36827495E+01  0.58633364E+01
  0.36942668E+01  0.58413008E+01
  0.37057841E+01  0.58192288E+01
  0.37173013E+01  0.57971426E+01
  0.37288186E+01  0.57750628E+01
  0.37403359E+01  0.57530090E+01
  0.37518531E+01  0.57310003E+01
  0.37633704E+01  0.57090561E+01
  0.37748877E+01  0.56871962E+01
  0.37864050E+01  0.56654414E+01
  0.37979222E+01  0.56438139E+01
  0.38094395E+01  0.56223369E+01
  0.38209568E+01  0.56010355E+01
  0.38324741E+01  0.55799358E+01
  0.38439913E+01  0.55590656E+01
  0.38555086E+01  0.55384533E+01
  0.38670259E+01  0.55181283E+01
  0.38785431E+01  0.54981202E+01
  0.38900604E+01  0.54784583E+01
  0.39015777E+01  0.54591717E+01
  0.39130950E+01  0.54402879E+01
  0.39246122E+01  0.54218330E+01
  0.39361295E+01  0.54038311E+01
  0.39476468E+01  0.53863037E+01
  0.39591640E+01  0.53692692E+01
  0.39706813E+01  0.53527432E+01
  0.39821986E+01  0.53367375E+01
  0.39937159E+01  0.53212607E+01
  0.40052331E+01  0.53063174E+01
  0.40167504E+01  0.52919091E+01
  0.40282677E+01  0.52780336E+01
  0.40397850E+01  0.52646858E+01
  0.40513022E+01  0.52518579E+01
  0.40628195E+01  0.52395395E+01
  0.40743368E+01  0.52277186E+01
  0.40858540E+01  0.52163817E+01
  0.40973713E+01  0.52055145E+01
  0.41088886E+01  0.51951026E+01
  0.41204059E+01  0.51851317E+01
  0.41319231E+01  0.51755887E+01
  0.41434404E+01  0.51664613E+01
  0.41549577E+01  0.51577395E+01
  0.41664750E+01  0.51494150E+01
  0.41779922E+01  0.51414822E+01
  0.41895095E+01  0.51339378E+01
  0.42010268E+01  0.51267813E+01
  0.42125440E+01  0.51200149E+01
  0.42240613E+01  0.51136432E+01
  0.42355786E+01  0.51076734E+01
  0.42470959E+01  0.51021144E+01
  0.42586131E+01  0.50969772E+01
  0.42701304E+01  0.50922740E+01
  0.42816477E+01  0.50880176E+01
  0.42931649E+01  0.50842217E+01
  0.43046822E+01  0.50808994E+01
  0.43161995E+01  0.50780636E+01
  0.43277168E+01  0.50757257E+01
  0.43392340E+01  0.50738961E+01
  0.43507513E+01  0.50725831E+01
  0.43622686E+01  0.50717927E+01
  0.43737859E+01  0.50715288E+01
  0.43854010E+01  0.50706983E+01
  0.43970161E+01  0.50682113E+01
  0.44086312E+01  0.50640810E+01
  0.44202464E+01  0.50583291E+01
  0.44318615E+01  0.50509858E+01
  0.44434766E+01  0.50420890E+01
  0.44550918E+01  0.50316837E+01
  0.44667069E+01  0.50198216E+01
  0.44783220E+01  0.50065604E+01
  0.44899372E+01  0.49919628E+01
  0.45015523E+01  0.49760955E+01
  0.45131674E+01  0.49590290E+01
  0.45247825E+01  0.49408360E+01
  0.45363977E+01  0.49215910E+01
  0.45480128E+01  0.49013693E+01
  0.45596279E+01  0.48802463E+01
  0.45712431E+01  0.48582969E+01
  0.45828582E+01  0.48355947E+01
  0.45944733E+01  0.48122114E+01
  0.46060884E+01  0.47882167E+01
  0.46177036E+01  0.47636776E+01
  0.46293187E+01  0.47386584E+01
  0.46409338E+01  0.47132203E+01
  0.46525490E+01  0.46874216E+01
  0.46641641E+01  0.46613173E+01
  0.46757792E+01  0.46349598E+01
  0.46873944E+01  0.46083985E+01
  0.46990095E+01  0.45816802E+01
  0.47106246E+01  0.45548495E+01
  0.47222397E+01  0.45279487E+01
  0.47338549E+01  0.45010184E+01
  0.47454700E+01  0.44740978E+01
  0.47570851E+01  0.44472246E+01
  0.47687003E+01  0.44204355E+01
  0.47803154E+01  0.43937666E+01
  0.47919305E+01  0.43672531E+01
  0.48035457E+01  0.43409298E+01
  0.48151608E+01  0.43148311E+01
  0.48267759E+01  0.42889909E+01
  0.48383910E+01  0.42634429E+01
  0.48500062E+01  0.42382202E+01
  0.48616213E+01  0.42133555E+01
  0.48732364E+01  0.41888806E+01
  0.48848516E+01  0.41648268E+01
  0.48964667E+01  0.41412241E+01
  0.49080818E+01  0.41181016E+01
  0.49196969E+01  0.40954870E+01
  0.49313121E+01  0.40734064E+01
  0.49429272E+01  0.40518842E+01
  0.49545423E+01  0.40309430E+01
  0.49661575E+01  0.40106033E+01
  0.49777726E+01  0.39908837E+01
  0.49893877E+01  0.39718004E+01
  0.50010029E+01  0.39533677E+01
  0.50126180E+01  0.39355975E+01
  0.50242331E+01  0.39184996E+01
  0.50358482E+01  0.39020819E+01
  0.50474634E+01  0.38863500E+01
  0.50590785E+01  0.38713082E+01
  0.50706936E+01  0.38569586E+01
  0.50823088E+01  0.38433024E+01
  0.50939964E+01  0.38405337E+01
  0.51056840E+01  0.38322557E+01
  0.51173716E+01  0.38185521E+01
  0.51290591E+01  0.37995610E+01
  0.51407467E+01  0.37754724E+01
  0.51524343E+01  0.37465252E+01
  0.51641219E+01  0.37130033E+01
  0.51758095E+01  0.36752309E+01
  0.51874971E+01  0.36335674E+01
  0.51991847E+01  0.35884014E+01
  0.52108723E+01  0.35401454E+01
  0.52225599E+01  0.34892283E+01
  0.52342475E+01  0.34360903E+01
  0.52459351E+01  0.33811755E+01
  0.52576227E+01  0.33249259E+01
  0.52693103E+01  0.32677760E+01
  0.52809979E+01  0.32101463E+01
  0.52926855E+01  0.31524390E+01
  0.53043731E+01  0.30950332E+01
  0.53160607E+01  0.30382812E+01
  0.53277483E+01  0.29825054E+01
  0.53394359E+01  0.29279963E+01
  0.53511235E+01  0.28750109E+01
  0.53628111E+01  0.28237721E+01
  0.53744987E+01  0.27744690E+01
  0.53861863E+01  0.27272580E+01
  0.53978739E+01  0.26822640E+01
  0.54095615E+01  0.26395831E+01
  0.54212491E+01  0.25992850E+01
  0.54329367E+01  0.25614164E+01
  0.54446243E+01  0.25260038E+01
  0.54563119E+01  0.24930576E+01
  0.54679995E+01  0.24625749E+01
  0.54796871E+01  0.24345435E+01
  0.54913747E+01  0.24089442E+01
  0.55028976E+01  0.24436644E+01
  0.55144206E+01  0.24797513E+01
  0.55259436E+01  0.25171228E+01
  0.55374666E+01  0.25557046E+01
  0.55489896E+01  0.25954294E+01
  0.55605125E+01  0.26362368E+01
  0.55720355E+01  0.26780721E+01
  0.55835585E+01  0.27208861E+01
  0.55950815E+01  0.27646341E+01
  0.56066045E+01  0.28092749E+01
  0.56181275E+01  0.28547699E+01
  0.56296504E+01  0.29010824E+01
  0.56411734E+01  0.29481766E+01
  0.56526964E+01  0.29960167E+01
  0.56642194E+01  0.30445662E+01
  0.56757424E+01  0.30937869E+01
  0.56872654E+01  0.31436385E+01
  0.56987883E+01  0.31940778E+01
  0.57103113E+01  0.32450585E+01
  0.57218343E+01  0.32965303E+01
  0.57333573E+01  0.33484392E+01
  0.57448803E+01  0.34007273E+01
  0.57564033E+01  0.34533323E+01
  0.57679262E+01  0.35061879E+01
  0.57794492E+01  0.35592243E+01
  0.57909722E+01  0.36123680E+01
  0.58024952E+01  0.36655423E+01
  0.58140182E+01  0.37186680E+01
  0.58255412E+01  0.37716636E+01
  0.58370641E+01  0.38244464E+01
  0.58485871E+01  0.38769324E+01
  0.58601101E+01  0.39290376E+01
  0.58716331E+01  0.39806784E+01
  0.58831561E+01  0.40317719E+01
  0.58946791E+01  0.40822373E+01
  0.59062020E+01  0.41319957E+01
  0.59177250E+01  0.41809711E+01
  0.59292480E+01  0.42290906E+01
  0.59407710E+01  0.42762850E+01
  0.59522940E+01  0.43224888E+01
  0.59638169E+01  0.43676411E+01
  0.59753399E+01  0.44116848E+01
  0.59868629E+01  0.44545676E+01
  0.59983859E+01  0.44962412E+01
  0.60099089E+01  0.45366619E+01
  0.60214319E+01  0.45757900E+01
  0.60329548E+01  0.46135897E+01
  0.60444778E+01  0.46500291E+01
  0.60560008E+01  0.46850795E+01
  0.60675238E+01  0.47187153E+01
  0.60790468E+01  0.47509140E+01
  0.60905698E+01  0.47816550E+01
  0.61020927E+01  0.48109202E+01
  0.61136157E+01  0.48386933E+01
  0.61251387E+01  0.48649593E+01
  0.61366617E+01  0.48897047E+01
  0.61481847E+01  0.49129168E+01
  0.61597077E+01  0.49345841E+01
  0.61712306E+01  0.49546954E+01
  0.61827536E+01  0.49732405E+01
  0.61942766E+01  0.49902097E+01
  0.62057996E+01  0.50055937E+01
  0.62173226E+01  0.50193840E+01
  0.62288456E+01  0.50315724E+01
  0.62403685E+01  0.50421518E+01
  0.62518915E+01  0.50511154E+01
  0.62634145E+01  0.50584575E+01
  0.62749375E+01  0.50641732E+01
  0.62864605E+01  0.50682587E+01
  0.62979834E+01  0.50707111E+01
  0.63095064E+01  0.50715288E+01
  0.63211216E+01  0.50706983E+01
  0.63327367E+01  0.50682113E+01
  0.63443518E+01  0.50640810E+01
  0.63559670E+01  0.50583291E+01
  0.63675821E+01  0.50509858E+01
  0.63791972E+01  0.50420890E+01
  0.63908123E+01  0.50316837E+01
  0.64024275E+01  0.50198216E+01
  0.64140426E+01  0.50065604E+01
  0.64256577E+01  0.49919628E+01
  0.64372729E+01  0.49760955E+01
  0.64488880E+01  0.49590290E+01
  0.64605031E+01  0.49408360E+01
  0.64721182E+01  0.49215910E+01
  0.64837334E+01  0.49013693E+01
  0.64953485E+01  0.48802463E+01
  0.65069636E+01  0.48582969E+01
  0.65185788E+01  0.48355947E+01
  0.65301939E+01  0.48122114E+01
  0.65418090E+01  0.47882167E+01
  0.65534242E+01  0.47636776E+01
  0.65650393E+01  0.47386584E+01
  0.65766544E+01  0.47132203E+01
  0.65882695E+01  0.46874216E+01
  0.65998847E+01  0.46613173E+01
  0.66114998E+01  0.46349598E+01
  0.66231149E+01  0.46083985E+01
  0.66347301E+01  0.45816802E+01
  0.66463452E+01  0.45548495E+01
  0.66579603E+01  0.45279487E+01
  0.66695755E+01  0.45010184E+01
  0.66811906E+01  0.44740978E+01
  0.66928057E+01  0.44472246E+01
  0.67044208E+01  0.44204355E+01
  0.67160360E+01  0.43937666E+01
  0.67276511E+01  0.43672531E+01
  0.67392662E+01  0.43409298E+01
  0.67508814E+01  0.43148311E+01
  0.67624965E+01  0.42889909E+01
  0.67741116E+01  0.42634429E+01
  0.67857267E+01  0.42382202E+01
  0.67973419E+01  0.42133555E+01
  0.68089570E+01  0.41888806E+01
  0.68205721E+01  0.41648268E+01
  0.68321873E+01  0.41412241E+01
  0.68438024E+01  0.41181016E+01
  0.68554175E+01  0.40954870E+01
  0.68670327E+01  0.40734064E+01
  0.68786478E+01  0.40518842E+01
  0.68902629E+01  0.40309430E+01
  0.69018780E+01  0.40106033E+01
  0.69134932E+01  0.39908837E+01
  0.69251083E+01  0.39718004E+01
  0.69367234E+01  0.39533677E+01
  0.69483386E+01  0.39355975E+01
  0.69599537E+01  0.39184996E+01
  0.69715688E+01  0.39020819E+01
  0.69831839E+01  0.38863500E+01
  0.69947991E+01  0.38713082E+01
  0.70064142E+01  0.38569586E+01
  0.70180293E+01  0.38433024E+01
  0.70180293E+01  0.38433024E+01
  0.70297169E+01  0.38203871E+01
  0.70414045E+01  0.37980378E+01
  0.70530921E+01  0.37762589E+01
  0.70647797E+01  0.37550551E+01
  0.70764673E+01  0.37344312E+01
  0.70881549E+01  0.37143922E+01
  0.70998425E+01  0.36949432E+01
  0.71115301E+01  0.36760898E+01
  0.71232177E+01  0.36578377E+01
  0.71349053E+01  0.36401931E+01
  0.71465929E+01  0.36231622E+01
  0.71582805E+01  0.36067516E+01
  0.71699681E+01  0.35909681E+01
  0.71816557E+01  0.35758188E+01
  0.71933433E+01  0.35613109E+01
  0.72050309E+01  0.35474515E+01
  0.72167185E+01  0.35342482E+01
  0.72284061E+01  0.35217081E+01
  0.72400937E+01  0.35098388E+01
  0.72517813E+01  0.34986472E+01
  0.72634689E+01  0.34881406E+01
  0.72751565E+01  0.34783258E+01
  0.72868441E+01  0.34692093E+01
  0.72985317E+01  0.34607974E+01
  0.73102193E+01  0.34530960E+01
  0.73219069E+01  0.34461106E+01
  0.73335945E+01  0.34398464E+01
  0.73452821E+01  0.34343079E+01
  0.73569696E+01  0.34294993E+01
  0.73686572E+01  0.34254243E+01
  0.73803448E+01  0.34220859E+01
  0.73920324E+01  0.34194867E+01
  0.74037200E+01  0.34176287E+01
  0.74154076E+01  0.34165133E+01
  0.74270952E+01  0.34161414E+01
  
